ADC[mV],Beschleunigung_x[mg],Beschleunigung_y[mg],Beschleunigung_z[mg],Winkelgeschwindigkeit_x[mdeg/s],Winkelgeschwindigkeit_y[mdeg/s],Winkelgeschwindigkeit_z[mdeg/s],Magnetfeld_x[mT],Magnetfeld_y[mT],Magnetfeld_z[mT],Widerstand[A/(Vs)],Zeit[ms]
2359,9,1037,91,1953,854,-2319,8,67,85,6991,79871
2286,11,1037,91,3906,-3540,-732,8,67,85,6991,79876
2221,11,1042,91,3173,5126,3906,9,67,86,6989,79881
2156,11,1027,93,366,7812,5493,9,67,86,6989,79886
2097,9,1031,91,1342,1098,6958,9,67,86,6989,79891
2041,11,1039,91,1342,-9399,-488,9,67,86,6989,79896
1981,9,1033,89,6347,1586,-6103,9,67,86,6989,79901
1925,9,1037,91,122,1953,-244,9,67,86,6989,79906
1870,13,1033,93,2441,-2197,1220,9,67,86,6989,79911
1823,11,1031,91,1220,-1464,5493,9,68,85,6989,79916
1776,9,587,1822,4272,-1098,-8178,9,68,85,6989,79921
1727,-23,1003,187,122,1953,-4760,9,68,85,6989,79926
1680,23,1046,87,-1708,366,-6103,9,68,85,6989,79931
1634,7,1013,85,0,-11840,-4638,9,68,85,6989,79936
1590,13,1042,93,976,1586,-8178,9,68,85,6989,79941
1549,7,1039,89,1342,-854,488,9,68,85,6989,79946
1510,3,1037,89,1098,1953,2075,8,67,85,6991,79951
1472,17,1033,89,-610,-3906,-3295,8,67,85,6991,79956
1435,9,1035,91,3662,2441,4394,8,67,85,6991,79961
1396,17,1033,91,-1586,-1342,-976,8,67,85,6991,79966
1361,11,1039,89,-122,-976,5004,8,67,85,6991,79971
1323,15,1037,89,-976,-488,-5371,8,67,85,6991,79976
1288,9,1031,87,-1098,-4028,-244,8,67,85,6991,79981
1253,15,1033,91,-1586,-122,-366,8,66,86,6989,79986
1215,13,1037,91,2441,3906,11962,8,66,86,6989,79991
1179,5,1037,93,-4272,-2563,-4394,8,66,86,6989,79996
1146,9,1044,91,488,4028,-1342,8,66,86,6989,80001
1113,11,1033,91,2441,732,3417,8,66,86,6989,80006
1080,17,1037,87,2685,-1831,4394,8,66,86,6989,80011
1052,13,1035,91,-2197,-2807,2075,8,66,86,6989,80016
1022,9,1031,91,-5126,5615,1342,8,66,86,6990,80021
996,7,1033,91,-4272,-3906,-122,8,66,86,6990,80026
968,7,1033,91,2197,-4760,8422,8,66,86,6990,80031
943,19,1035,89,488,-2075,-5249,8,66,86,6990,80036
921,11,1031,89,-5249,-122,-5859,8,66,86,6990,80041
898,13,1033,91,-2197,-1220,-6713,8,66,86,6990,80046
875,5,1031,91,-1831,-3540,3662,9,66,85,6991,80051
856,13,1033,91,-5371,5859,-488,9,66,85,6991,80056
836,17,1037,91,3051,-610,-6591,9,66,85,6991,80061
819,13,1037,91,-7812,488,610,9,66,85,6991,80066
801,19,1035,89,-732,2075,8422,9,66,85,6991,80071
783,15,1035,93,2929,-3906,-2685,9,66,85,6991,80076
765,15,1035,91,-6103,-244,-5737,9,66,85,6991,80081
749,15,1037,91,0,4028,7934,9,67,86,6990,80086
734,15,1039,91,4394,1953,-5737,9,67,86,6990,80091
720,15,1037,91,-122,3906,-5981,9,67,86,6990,80096
707,17,1033,87,-732,-976,-7446,9,67,86,6990,80101
693,15,1039,89,2929,-2563,1464,9,67,86,6990,80106
680,13,1033,89,610,-4150,1220,9,67,86,6990,80111
670,11,1037,91,2075,9887,2319,9,67,86,6990,80116
659,13,1035,91,7446,-8544,-3417,9,66,85,6988,80121
648,9,1033,91,4882,-244,-2563,9,66,85,6988,80126
639,15,1037,89,-976,1220,-8178,9,66,85,6988,80131
629,13,1039,91,3295,6225,-5371,9,66,85,6988,80136
621,9,1039,89,-1220,-2685,-3295,9,66,85,6988,80141
613,15,1037,89,2807,1953,2929,9,66,85,6988,80146
607,11,1035,91,-4394,-2929,4638,9,66,85,6988,80151
597,13,1039,87,2685,3784,-488,9,67,85,6986,80156
589,9,1031,91,7568,5126,1953,9,67,85,6986,80161
581,13,1035,93,3784,6713,5737,9,67,85,6986,80166
576,9,1035,91,3295,1464,3295,9,67,85,6986,80171
567,11,1029,91,3051,1098,1098,9,67,85,6986,80176
562,11,1033,93,-4882,-8789,-6713,9,67,85,6986,80181
557,11,1039,91,-2807,1342,-244,9,67,85,6986,80186
551,13,1037,91,4272,4150,9399,9,66,86,6989,80191
543,11,1031,91,-1220,-4028,-3051,9,66,86,6989,80196
540,11,1035,85,2563,-1708,5249,9,66,86,6989,80201
535,17,1031,89,-4272,-5493,5126,9,66,86,6989,80206
532,19,1033,91,-1953,6469,2441,9,66,86,6989,80211
526,3,1033,91,5981,-4638,-976,9,66,86,6989,80216
523,11,1033,91,-1220,-1464,-2685,9,66,86,6989,80221
519,13,1033,89,-122,1098,-3784,9,66,85,6990,80226
515,19,1035,91,1831,-7812,-5493,9,66,85,6990,80231
513,9,1042,89,-5371,-5371,0,9,66,85,6990,80236
509,9,1031,91,732,4516,610,9,66,85,6990,80241
505,15,1039,91,-732,122,-3295,9,66,85,6990,80246
502,13,1037,91,-2197,-3784,4638,9,66,85,6990,80251
500,11,1033,91,-1098,-4150,-7080,9,66,85,6990,80256
498,11,1035,91,-6225,-2075,4394,8,68,85,6990,80261
493,9,1033,91,-3295,2075,4272,8,68,85,6990,80266
491,9,1037,91,1464,3906,9399,8,68,85,6990,80271
488,9,1033,91,2319,5249,2075,8,68,85,6990,80276
487,5,1031,91,3417,-2075,1342,8,68,85,6990,80281
485,19,1035,89,-3295,2807,-8911,8,68,85,6990,80286
483,7,1031,87,6835,-2807,7324,9,66,85,6989,80291
482,7,1037,91,5371,-366,-3662,9,66,85,6989,80296
479,13,1033,89,5249,2685,2197,9,66,85,6989,80301
476,9,1037,91,-1342,1953,5859,9,66,85,6989,80306
475,17,1039,89,-1953,-2807,6469,9,66,85,6989,80311
474,7,1035,91,-1220,-5981,-4028,9,66,85,6989,80316
474,7,1035,89,2563,-1098,2685,9,66,85,6989,80321
472,11,1035,89,2807,-1953,-4394,9,66,84,6991,80326
471,15,1039,91,3417,3540,-3417,9,66,84,6991,80331
469,15,1035,91,-244,-2197,-244,9,66,84,6991,80336
466,15,1035,91,-1342,-2075,4760,9,66,84,6991,80341
465,11,1033,89,-1342,1220,854,9,66,84,6991,80346
465,15,1035,89,-1953,-854,3051,9,66,84,6991,80351
464,15,1033,91,2929,-1220,-3662,9,66,84,6991,80356
464,11,1031,89,3173,1953,-9033,9,66,86,6990,80361
463,13,1037,91,-488,3051,-122,9,66,86,6990,80366
463,15,1037,93,-4760,488,-2441,9,66,86,6990,80371
461,9,1039,89,-2197,732,1831,9,66,86,6990,80376
459,13,1031,89,-3051,-3295,854,9,66,86,6990,80381
457,13,1037,91,-1586,2197,-4028,9,66,86,6990,80386
457,19,1035,89,-4516,610,5371,9,66,86,6990,80391
458,11,1037,89,-122,1953,7324,9,67,87,6990,80396
457,13,1037,91,366,244,488,9,67,87,6990,80401
456,17,1035,91,4516,-2319,-488,9,67,87,6990,80406
455,15,1035,91,5371,-1098,-2685,9,67,87,6990,80411
455,11,1039,89,-2197,-2319,5737,9,67,87,6990,80416
455,13,1035,91,732,-4760,-5249,9,67,87,6990,80421
456,3,1035,91,854,-122,3906,9,67,87,6990,80426
455,11,1035,91,-1708,1953,4638,9,67,86,6988,80431
455,13,1037,91,5249,3906,3173,9,67,86,6988,80436
455,13,1033,91,-5004,-1586,-122,9,67,86,6988,80441
455,17,1037,91,-244,-5004,732,9,67,86,6988,80446
454,9,1037,91,1464,3662,-2441,9,67,86,6988,80451
455,11,1035,89,1342,-610,2441,9,67,86,6988,80456
455,17,1037,87,-244,2563,-4028,9,67,86,6988,80461
455,11,1035,91,-3906,-1831,-6347,9,67,86,6988,80466
454,9,1031,89,-1708,6835,-488,9,67,86,6988,80471
454,17,1029,89,3540,-1464,2319,9,67,86,6988,80476
453,15,1031,91,11596,4394,1098,9,67,86,6988,80481
452,9,1033,91,-4394,244,5004,9,67,86,6988,80486
452,13,1033,91,-610,-2197,366,9,67,86,6988,80491
451,11,1035,89,-7934,-1831,-4638,9,67,86,6988,80496
451,9,1035,91,1220,3906,-4638,8,67,86,6989,80501
450,5,1035,91,-2319,-3540,-3540,8,67,86,6989,80506
448,9,1037,91,-2807,-1098,4028,8,67,86,6989,80511
449,13,1029,91,-488,-2685,-2197,8,67,86,6989,80516
448,15,1039,91,5004,1953,3295,8,67,86,6989,80521
449,11,1033,91,-6469,-9765,-8300,8,67,86,6989,80526
447,11,1033,93,1220,2441,-3051,8,67,86,6989,80531
448,15,1031,91,4028,5493,0,9,67,86,6988,80536
449,13,1037,91,2807,3051,-1220,9,67,86,6988,80541
447,17,1031,91,-5493,-1586,-2441,9,67,86,6988,80546
447,11,1031,91,854,854,854,9,67,86,6988,80551
447,13,1035,91,854,-122,1098,9,67,86,6988,80556
447,15,1033,91,2807,3540,0,9,67,86,6988,80561
447,15,1035,91,-732,5004,-1464,9,66,85,6988,80566
448,15,1037,89,-732,0,6225,9,66,85,6988,80571
448,13,1037,89,-1098,-3295,-10131,9,66,85,6988,80576
447,13,1039,89,7324,6225,-3906,9,66,85,6988,80581
449,13,1029,91,1831,-488,-5493,9,66,85,6988,80586
448,15,1041,91,-2563,-2563,4272,9,66,85,6988,80591
447,11,1029,91,1342,-1953,-3295,9,66,85,6988,80596
447,11,1031,93,-1098,1586,6835,8,66,86,6989,80601
447,13,1033,91,-3540,1708,1708,8,66,86,6989,80606
447,13,1033,91,1464,-2441,122,8,66,86,6989,80611
449,11,1031,89,-4760,-4028,976,8,66,86,6989,80616
447,11,1033,91,-610,-2075,-1098,8,66,86,6989,80621
448,11,1039,91,-4150,1831,-1098,8,66,86,6989,80626
447,17,1039,89,-7690,1953,-4150,8,66,86,6989,80631
447,5,1039,93,-244,0,-1953,8,66,85,6989,80636
448,11,1029,91,-2685,3173,3051,8,66,85,6989,80641
448,17,1039,89,2563,4150,-976,8,66,85,6989,80646
448,15,1039,91,610,1953,10375,8,66,85,6989,80651
449,9,1031,93,-7446,488,-6713,8,66,85,6989,80656
447,9,1037,91,-7446,-244,-6469,8,66,85,6989,80661
449,13,1039,91,1220,732,3417,8,66,85,6989,80666
447,15,1041,87,-2441,2929,-122,8,65,85,6987,80671
447,13,1035,91,3051,-610,-1586,8,65,85,6987,80676
447,7,1033,91,4394,0,1098,8,65,85,6987,80681
447,11,1035,91,2197,6958,-1953,8,65,85,6987,80686
447,15,1035,93,-854,3295,-7690,8,65,85,6987,80691
447,15,1031,89,-7690,366,2197,8,65,85,6987,80696
448,15,1035,93,-854,3906,122,8,65,85,6987,80701
447,15,1033,91,3295,5371,4028,8,66,85,6989,80706
447,11,1041,87,-8544,-8056,-4394,8,66,85,6989,80711
447,13,1035,89,-5371,0,-5493,8,66,85,6989,80716
447,9,1035,91,366,-1464,1586,8,66,85,6989,80721
448,17,1037,91,-4028,1464,-244,8,66,85,6989,80726
447,15,1039,91,-3906,1953,-732,8,66,85,6989,80731
448,13,1031,89,3662,-366,-4516,8,66,85,6989,80736
448,13,1035,91,1098,-6225,5981,8,66,85,6990,80741
449,17,1033,89,3173,1342,2075,8,66,85,6990,80746
448,19,1039,91,-1220,4028,-1831,8,66,85,6990,80751
448,15,1029,91,-244,-4028,-732,8,66,85,6990,80756
448,13,1037,89,-488,1953,3906,8,66,85,6990,80761
448,11,1039,89,-4638,610,-4150,8,66,85,6990,80766
447,11,1033,89,-2685,-244,2685,8,66,85,6990,80771
448,13,1039,89,4516,-610,-5615,8,67,86,6989,80776
449,9,1035,87,-122,1342,-1220,8,67,86,6989,80781
449,11,1035,91,-1098,-1953,-4882,8,67,86,6989,80786
446,15,1029,91,-3173,5126,-1220,8,67,86,6989,80791
447,13,1033,89,7934,4638,4272,8,67,86,6989,80796
447,13,1035,85,-4272,-732,-854,8,67,86,6989,80801
447,13,1039,91,-4394,-4516,-6835,9,66,86,6989,80806
447,5,1033,87,-732,0,-732,9,66,86,6989,80811
448,13,1035,85,-122,2197,-1708,9,66,86,6989,80816
449,13,1037,93,1098,4394,-2197,9,66,86,6989,80821
446,13,1033,87,-732,122,488,9,66,86,6989,80826
447,17,1037,87,-976,5737,2319,9,66,86,6989,80831
447,19,1035,91,976,-244,-976,9,66,86,6989,80836
447,19,1037,91,-2075,-1220,-1831,8,65,86,6988,80841
448,17,1037,91,-2929,-3906,-3051,8,65,86,6988,80846
448,17,1035,87,122,610,2075,8,65,86,6988,80851
446,13,1039,91,-2319,-244,-1708,8,65,86,6988,80856
448,15,1033,91,610,488,3784,8,65,86,6988,80861
448,13,1037,89,-1464,1708,1220,8,65,86,6988,80866
448,15,1035,89,610,366,-4394,8,65,86,6988,80871
449,13,1035,89,-1342,-488,-244,8,65,85,6987,80876
447,17,1035,91,-4638,-6469,-1831,8,65,85,6987,80881
447,17,1037,91,-1464,-366,-7934,8,65,85,6987,80886
447,13,1033,93,-6469,2075,1342,8,65,85,6987,80891
447,9,1037,91,3662,976,-244,8,65,85,6987,80896
448,11,1035,91,2197,-488,1586,8,65,85,6987,80901
447,13,1033,93,6225,854,2685,8,65,85,6987,80906
449,11,1037,91,5249,366,-2685,8,66,86,6989,80911
447,7,1037,91,-976,-1342,3051,8,66,86,6989,80916
447,13,1033,91,-976,0,-1220,8,66,86,6989,80921
448,15,1033,89,976,2319,2197,8,66,86,6989,80926
447,13,1037,85,-610,4028,2807,8,66,86,6989,80931
447,15,1033,91,976,3295,-4882,8,66,86,6989,80936
448,5,1035,89,366,1953,-5126,8,66,86,6989,80941
447,17,1029,91,1586,2929,5615,10,66,86,6989,80946
448,13,1033,91,5737,4882,-732,10,66,86,6989,80951
447,15,1035,91,-366,-3295,5126,10,66,86,6989,80956
448,13,1031,93,366,-610,4272,10,66,86,6989,80961
449,15,1039,91,-4516,-3417,0,10,66,86,6989,80966
446,15,1033,91,-854,-366,-8789,10,66,86,6989,80971
446,15,1039,93,-2197,-4516,2807,10,66,86,6989,80976
448,9,1037,89,-1586,-3540,4760,9,67,86,6988,80981
448,9,1039,89,122,-4394,3173,9,67,86,6988,80986
447,19,1035,93,4760,366,-854,9,67,86,6988,80991
448,17,1039,87,732,-6469,1220,9,67,86,6988,80996
448,9,1035,89,-366,2441,-2685,9,67,86,6988,81001
447,7,1035,89,976,244,-1342,9,67,86,6988,81006
449,7,1033,91,2563,-2685,4638,9,67,86,6988,81011
448,15,1039,89,5859,4028,1708,9,66,85,6988,81016
448,15,1039,89,2929,-4272,-976,9,66,85,6988,81021
447,11,1037,89,-2807,-2197,-7446,9,66,85,6988,81026
447,17,1037,87,-3295,-5981,-4760,9,66,85,6988,81031
447,13,1033,93,2319,3173,-732,9,66,85,6988,81036
448,15,1035,91,-7690,1953,-2807,9,66,85,6988,81041
447,7,1037,91,4882,-1342,-2929,9,66,85,6988,81046
447,11,1033,91,6958,1831,-1708,9,67,86,6990,81051
449,13,1037,91,0,610,-1342,9,67,86,6990,81056
447,15,1039,89,-4394,-3417,-2807,9,67,86,6990,81061
447,13,1039,91,-854,2075,-4882,9,67,86,6990,81066
449,13,1031,87,-2685,-3417,1953,9,67,86,6990,81071
447,5,1037,87,-1708,2075,-4394,9,67,86,6990,81076
447,13,1031,87,1220,2563,-4272,9,67,86,6989,81081
448,17,1037,91,-4516,2929,-9643,9,67,86,6989,81086
447,3,1035,91,6347,1220,2807,9,67,86,6989,81091
448,9,1037,91,3540,1586,3662,9,67,86,6989,81096
447,11,1035,91,-854,4882,6591,9,67,86,6989,81101
449,9,1037,91,-2929,-854,-1831,9,67,86,6989,81106
446,15,1039,91,610,11718,-5371,9,67,86,6989,81111
447,13,1041,91,-7568,976,0,8,67,85,6989,81116
447,13,1035,91,-1953,-4028,3784,8,67,85,6989,81121
448,9,1042,89,-2197,0,-2685,8,67,85,6989,81126
447,13,1035,91,-732,1586,3540,8,67,85,6989,81131
447,9,1041,91,5371,1831,6958,8,67,85,6989,81136
448,5,1039,89,976,-1342,976,8,67,85,6989,81141
448,9,1033,89,2075,-2075,5249,8,67,85,6989,81146
447,13,1035,89,-1342,-1464,1464,7,66,85,6987,81151
448,15,1037,89,976,1708,9521,7,66,85,6987,81156
447,13,1033,89,-3540,1953,-976,7,66,85,6987,81161
449,7,1037,89,-2441,1953,3906,7,66,85,6987,81166
447,15,1039,91,-3784,-4150,1464,7,66,85,6987,81171
448,11,1037,91,3173,-1464,2075,7,66,85,6987,81176
447,11,1041,91,-2807,-2319,1098,7,66,85,6987,81181
447,5,1037,91,3173,5737,854,8,66,85,6988,81186
448,7,1041,91,1586,-7080,2075,8,66,85,6988,81191
448,17,1037,89,0,-2929,7324,8,66,85,6988,81196
447,19,1033,91,-5859,366,3051,8,66,85,6988,81201
449,13,1039,89,7812,-3784,3662,8,66,85,6988,81206
446,15,1031,91,-1098,-3295,2075,8,66,85,6988,81211
448,11,1035,91,1586,-6347,-2563,8,66,85,6988,81216
448,3,1035,91,-1708,-1831,-1708,9,67,85,6989,81221
449,11,1039,91,2807,122,5493,9,67,85,6989,81226
447,13,1035,89,4028,-2197,976,9,67,85,6989,81231
447,11,1037,91,-1586,-3540,-2319,9,67,85,6989,81236
446,15,1033,91,-122,-854,3417,9,67,85,6989,81241
447,13,1029,91,-5371,-2685,-6225,9,67,85,6989,81246
449,15,1031,87,3051,1953,2197,9,67,85,6989,81251
446,7,1035,89,3417,-2563,-3906,8,67,84,6990,81256
447,15,1041,89,366,3540,7812,8,67,84,6990,81261
447,11,1035,91,2563,1098,244,8,67,84,6990,81266
446,21,1039,68,5371,976,-854,8,67,84,6990,81271
447,13,1041,87,-1464,1708,-2441,8,67,84,6990,81276
447,7,1042,85,-2563,976,-2319,8,67,84,6990,81281
447,17,1041,91,-122,4516,-1831,8,67,84,6990,81286
448,13,1031,89,-2197,0,-3051,8,66,86,6989,81291
448,15,1035,87,-122,-4394,854,8,66,86,6989,81296
448,13,1037,89,0,6103,2075,8,66,86,6989,81301
447,9,1042,89,-1342,7690,-6103,8,66,86,6989,81306
447,11,1037,93,-3906,3173,-1220,8,66,86,6989,81311
448,5,1037,91,-610,-2807,-3906,8,66,86,6989,81316
448,11,1035,89,-2563,-1586,2319,9,67,85,6987,81321
448,19,1033,89,-1708,1586,3051,9,67,85,6987,81326
449,11,1035,91,-366,-854,-12329,9,67,85,6987,81331
447,19,1033,89,-4272,-3417,-3417,9,67,85,6987,81336
449,19,1042,91,3173,4760,2075,9,67,85,6987,81341
446,17,1029,89,-366,1220,5371,9,67,85,6987,81346
447,17,1033,91,-4760,-732,-2075,9,67,85,6987,81351
447,11,1039,91,-2075,-4028,2563,7,66,85,6990,81356
447,15,1033,91,-366,3662,6103,7,66,85,6990,81361
447,15,1033,91,-1220,-122,-366,7,66,85,6990,81366
447,13,1033,91,4638,-1464,-4150,7,66,85,6990,81371
447,15,1035,91,854,-2075,-1586,7,66,85,6990,81376
447,15,1039,89,488,4516,-2075,7,66,85,6990,81381
447,11,1033,93,244,-732,-9033,7,66,85,6990,81386
448,13,1029,91,-1342,976,-2075,8,67,85,6990,81391
447,9,1033,91,366,1586,3417,8,67,85,6990,81396
448,13,1041,89,-854,3662,-3417,8,67,85,6990,81401
447,9,1035,91,5126,1464,-488,8,67,85,6990,81406
449,13,1037,91,-1831,1464,9521,8,67,85,6990,81411
447,15,1035,91,244,6469,-3784,8,67,85,6990,81416
448,13,1033,91,610,6103,0,8,67,85,6990,81421
447,9,1033,87,2075,3784,1220,8,66,85,6986,81426
447,13,1035,91,1220,976,5859,8,66,85,6986,81431
447,7,1035,87,-610,1953,10009,8,66,85,6986,81436
448,9,1037,91,244,854,122,8,66,85,6986,81441
447,11,1042,93,4882,3173,-6103,8,66,85,6986,81446
447,13,1039,91,-366,-1953,-1953,8,66,85,6986,81451
446,11,1035,91,-732,5004,-4272,8,66,85,6986,81456
448,17,1031,89,-2441,-1586,2197,9,66,85,6987,81461
448,11,1031,91,1953,4516,0,9,66,85,6987,81466
448,13,1033,89,1831,2441,-5615,9,66,85,6987,81471
447,9,1029,87,-1464,2441,3295,9,66,85,6987,81476
448,15,1035,91,1098,-976,3906,9,66,85,6987,81481
447,13,1035,89,366,3784,-3662,9,66,85,6987,81486
448,11,1035,91,-2441,-1220,2441,9,66,85,6987,81491
447,11,1039,89,-3540,366,-8178,8,67,85,6989,81496
447,11,1037,87,-122,4516,976,8,67,85,6989,81501
449,13,1035,89,-3784,-4882,-6591,8,67,85,6989,81506
447,19,1033,89,2319,244,-8422,8,67,85,6989,81511
447,15,1035,89,244,488,-2929,8,67,85,6989,81516
447,17,1035,91,1831,2807,-3906,8,67,85,6989,81521
447,13,1033,91,-6225,3051,-1464,8,67,85,6989,81526
447,21,1037,91,-3295,-2563,-1342,8,67,86,6988,81531
447,17,1029,91,2319,2197,-5615,8,67,86,6988,81536
448,13,1035,89,1586,1831,-244,8,67,86,6988,81541
448,9,1033,91,2197,366,1708,8,67,86,6988,81546
447,5,1035,89,732,2441,1098,8,67,86,6988,81551
448,19,1035,87,122,244,3784,8,67,86,6988,81556
448,9,1033,91,-3173,122,4394,8,67,86,6988,81561
448,17,1031,91,4272,3173,-610,8,66,86,6989,81566
449,9,1033,91,3295,3295,8666,8,66,86,6989,81571
447,7,1035,89,-1220,-4028,2319,8,66,86,6989,81576
447,13,1031,91,-4150,-2075,-6103,8,66,86,6989,81581
447,11,1035,91,854,-2075,854,8,66,86,6989,81586
447,11,1039,91,2929,2319,4760,8,66,86,6989,81591
447,5,1039,91,-1220,122,-3540,7,65,85,6989,81596
448,13,1037,93,-122,122,-2929,7,65,85,6989,81601
449,9,1035,91,-4394,366,-2563,7,65,85,6989,81606
447,15,1033,89,5859,-2563,-4394,7,65,85,6989,81611
447,19,1037,91,-3295,2075,-5371,7,65,85,6989,81616
447,5,1037,87,-2929,-1586,-366,7,65,85,6989,81621
448,15,1037,91,732,1220,8422,7,65,85,6989,81626
447,13,1029,91,854,488,3051,9,66,84,6987,81631
448,17,1033,91,4516,6835,976,9,66,84,6987,81636
447,15,1035,91,-1586,1831,-4028,9,66,84,6987,81641
447,17,1035,91,3906,0,3051,9,66,84,6987,81646
446,11,1039,91,3662,-2319,-3417,9,66,84,6987,81651
447,7,1031,89,-2197,-2075,5493,9,66,84,6987,81656
447,15,1037,89,4028,-732,8666,9,66,84,6987,81661
447,17,1039,91,-1220,-2319,6469,8,66,85,6989,81666
448,11,1039,89,-732,-2929,3173,8,66,85,6989,81671
447,17,1037,91,-4150,6469,854,8,66,85,6989,81676
449,9,1035,87,-1708,-6958,-244,8,66,85,6989,81681
447,13,1037,93,610,-244,-2197,8,66,85,6989,81686
447,13,1037,91,-1708,-5859,1708,8,66,85,6989,81691
447,15,1039,91,2075,-5859,-3784,8,66,85,6989,81696
448,13,1035,89,-2075,-854,-2807,8,67,86,6989,81701
447,13,1033,89,1831,976,5493,8,67,86,6989,81706
446,15,1042,87,5249,-2807,-4394,8,67,86,6989,81711
448,15,1031,91,3173,3906,-1098,8,67,86,6989,81716
448,33,1052,115,-1953,4760,3906,8,67,86,6989,81721
448,-3,1015,91,-1586,-1586,4882,8,67,86,6989,81726
447,17,1042,89,-5493,-2807,5737,8,67,86,6989,81731
448,9,1042,89,-8300,-2563,-854,9,66,84,6989,81736
448,7,1044,91,5371,-1586,1220,9,66,84,6989,81741
447,27,1046,87,2929,8178,1586,9,66,84,6989,81746
448,50,1046,72,-6958,3051,-3051,9,66,84,6989,81751
448,48,1029,89,-5859,1464,7812,9,66,84,6989,81756
448,50,1025,91,1098,2807,2075,9,66,84,6989,81761
449,207,875,205,-3051,12695,6591,9,66,84,6989,81766
448,285,1058,109,488,13916,-1953,9,65,86,6988,81771
447,263,1068,-17,-976,12451,2563,9,65,86,6988,81776
448,224,1029,-31,1586,10864,7324,9,65,86,6988,81781
447,195,1017,-25,2319,14526,-732,9,65,86,6988,81786
448,230,1033,-39,-122,20751,2075,9,65,86,6988,81791
448,269,1023,-25,2807,34912,3295,9,65,86,6988,81796
449,314,1054,-13,-2807,31127,9155,9,65,86,6988,81801
447,349,1076,-5,-5126,37597,7446,9,65,84,6988,81806
447,347,1080,9,-6469,44189,9277,9,65,84,6988,81811
447,345,1097,25,-1953,47607,20263,9,65,84,6988,81816
446,357,1115,42,0,47241,17944,9,65,84,6988,81821
448,388,1113,60,3662,45898,21240,9,65,84,6988,81826
448,404,1175,70,-5249,42968,27954,9,65,84,6988,81831
448,384,1054,78,2075,48217,36865,7,67,83,6987,81836
448,421,1183,62,-10009,32348,32592,7,67,83,6987,81841
447,396,1023,95,488,36254,40405,7,67,83,6987,81846
447,427,1056,107,-2197,36987,50537,7,67,83,6987,81851
448,351,1021,99,9277,31250,54443,7,67,83,6987,81856
449,259,1210,70,5249,26367,64208,7,67,83,6987,81861
446,238,1107,74,-244,26611,59204,7,67,83,6987,81866
447,246,1041,87,5249,16479,57006,4,69,79,6989,81871
447,244,1146,64,5371,14282,71044,4,69,79,6989,81876
446,240,974,82,3173,12329,71777,4,69,79,6989,81881
448,199,1085,50,4150,5981,71411,4,69,79,6989,81886
446,154,1003,54,9033,-2319,66772,4,69,79,6989,81891
449,130,1031,50,-488,1464,65917,4,69,79,6989,81896
447,105,1025,42,9033,2563,60546,4,69,79,6989,81901
447,72,984,48,5981,-7568,57128,2,72,78,6988,81906
447,50,1013,44,9765,-6591,45654,2,72,78,6988,81911
447,48,972,48,10742,-4760,54565,2,72,78,6988,81916
447,29,1003,52,7568,-5981,36376,2,72,78,6988,81921
446,15,976,56,4272,-10009,39672,2,72,78,6988,81926
448,7,990,58,7812,-10009,38330,2,72,78,6988,81931
447,5,992,54,14282,-4760,32592,2,72,78,6988,81936
447,1,994,56,21362,-9277,23437,0,73,77,6989,81941
448,-9,1000,62,13916,-8544,18066,0,73,77,6989,81946
448,-7,1000,74,16235,-12695,9765,0,73,77,6989,81951
447,-9,1025,83,18066,-11230,5737,0,73,77,6989,81956
447,0,1027,89,20874,-5859,-854,0,73,77,6989,81961
448,0,1044,91,11474,-16723,-8056,0,73,77,6989,81966
449,13,1054,101,23559,-13427,-14770,0,73,77,6989,81971
447,31,1064,105,14526,-17700,-21606,0,74,77,6988,81976
447,50,1080,103,13671,-23193,-14526,0,74,77,6988,81981
448,66,1089,107,15625,-8911,-18920,0,74,77,6988,81986
447,83,1099,105,12939,-22460,-21118,0,74,77,6988,81991
448,101,1103,109,17578,-26245,-14404,0,74,77,6988,81996
447,121,1107,111,17211,-18188,-16113,0,74,77,6988,82001
448,142,1115,107,7934,-27709,-21850,0,74,77,6988,82006
448,152,1123,101,7080,-22827,-15747,-1,73,77,6987,82011
448,164,1126,97,12084,-21728,-18798,-1,73,77,6987,82016
448,171,1130,99,7202,-18676,-17944,-1,73,77,6987,82021
448,171,1126,95,8666,-18310,-8178,-1,73,77,6987,82026
448,177,1134,91,5737,-17333,-18188,-1,73,77,6987,82031
447,167,1130,89,1220,-15625,-13549,-1,73,77,6987,82036
448,156,1136,87,-1708,-19897,-10864,-1,73,77,6987,82041
449,150,1132,80,-2197,-19775,-16601,0,72,77,6989,82046
449,140,1132,80,-5249,-18066,-16723,0,72,77,6989,82051
447,126,1126,82,-7080,-12451,-5737,0,72,77,6989,82056
447,117,1125,74,2929,-2197,-2319,0,72,77,6989,82061
448,95,1115,76,-2197,-8178,-488,0,72,77,6989,82066
448,80,1105,74,-1953,-9399,-1098,0,72,77,6989,82071
448,58,1107,76,-8056,-7934,-6225,0,72,77,6989,82076
448,46,1099,82,-3295,-8300,-11962,0,72,77,6989,82081
447,33,1097,80,-11962,-5981,-7934,0,72,77,6989,82086
448,19,1093,89,-10864,-6835,732,0,72,77,6989,82091
447,-1,1089,91,-14160,-4394,-10498,0,72,77,6989,82096
448,-13,1087,93,-7690,-4272,-8666,0,72,77,6989,82101
448,-25,1091,99,-18188,-9765,-8666,0,72,77,6989,82106
447,-39,1095,97,-14404,-2075,-2685,0,73,78,6988,82111
449,-46,1099,103,-17700,-6103,-20263,0,73,78,6988,82116
447,-54,1097,109,-12695,-7446,-6469,0,73,78,6988,82121
448,-50,1095,113,-20874,-6469,-11352,0,73,78,6988,82126
448,-56,1097,109,-20263,-10131,-16723,0,73,78,6988,82131
448,-54,1095,105,-25024,-5493,-14038,0,73,78,6988,82136
447,-50,1093,97,-29418,-7934,-14892,0,73,78,6988,82141
448,-39,1089,101,-19775,-8056,-20996,-2,72,77,6988,82146
448,-35,1091,93,-30517,-8911,-20996,-2,72,77,6988,82151
448,-27,1095,91,-25878,-5249,-22094,-2,72,77,6988,82156
448,-17,1091,93,-27587,-3662,-15380,-2,72,77,6988,82161
449,-27,1097,95,-26123,-2685,-21728,-2,72,77,6988,82166
448,-25,1093,95,-26855,-8056,-27099,-2,72,77,6988,82171
447,-27,1091,93,-26489,-4150,-20507,-2,72,77,6988,82176
448,-31,1093,95,-32348,-610,-20751,-1,73,79,6987,82181
448,-31,1087,95,-30395,4760,-28808,-1,73,79,6987,82186
448,-35,1093,99,-31250,-4760,-26489,-1,73,79,6987,82191
448,-33,1080,93,-29663,-732,-29907,-1,73,79,6987,82196
448,-33,1083,101,-25512,-1586,-31250,-1,73,79,6987,82201
448,-37,1089,107,-31860,-1464,-27954,-1,73,79,6987,82206
448,-39,1085,103,-41625,-5615,-30517,-1,73,79,6987,82211
447,-35,1087,109,-35522,-6713,-30151,0,72,79,6988,82216
449,-29,1078,105,-26123,3173,-20141,0,72,79,6988,82221
447,-15,1083,113,-36621,-9887,-26489,0,72,79,6988,82226
448,-13,1082,105,-30517,854,-27832,0,72,79,6988,82231
447,-7,1076,107,-31494,0,-28442,0,72,79,6988,82236
448,-3,1076,111,-35156,-5615,-28442,0,72,79,6988,82241
448,0,1074,107,-27099,-488,-21972,0,72,79,6988,82246
449,5,1068,111,-28686,-4638,-24047,0,71,80,6988,82251
446,3,1062,109,-33447,-6347,-26367,0,71,80,6988,82256
447,-5,1054,109,-27465,-1708,-25268,0,71,80,6988,82261
446,-5,1050,107,-36743,-7080,-16723,0,71,80,6988,82266
448,-9,1044,109,-23925,-8666,-25390,0,71,80,6988,82271
448,-9,1039,103,-28564,4394,-28808,0,71,80,6988,82276
447,-19,1039,105,-30517,-1098,-16601,0,71,80,6988,82281
448,-29,1027,105,-33447,-2685,-25512,2,73,80,6988,82286
449,-42,1021,107,-17578,6103,-13549,2,73,80,6988,82291
447,-46,1011,109,-28320,-5249,-25390,2,73,80,6988,82296
447,-52,1009,109,-22705,-6469,-29541,2,73,80,6988,82301
447,-50,1001,113,-25146,-1220,-19287,2,73,80,6988,82306
447,-60,996,113,-23437,-11962,-21484,2,73,80,6988,82311
448,-66,990,107,-23559,-5371,-24047,2,73,80,6988,82316
448,-72,986,113,-16479,-1708,-26611,0,71,81,6989,82321
448,-76,980,111,-17456,-2075,-32714,0,71,81,6989,82326
447,-85,980,115,-9521,2075,-27099,0,71,81,6989,82331
447,-97,972,117,-14282,-2441,-27954,0,71,81,6989,82336
447,-99,974,117,-8422,2441,-34545,0,71,81,6989,82341
449,-107,972,113,-13061,-366,-30517,0,71,81,6989,82346
447,-113,974,126,-12817,-4638,-36010,1,72,81,6988,82351
447,-115,976,128,-7568,-4028,-30761,1,72,81,6988,82356
447,-121,976,140,-7446,-6225,-43212,1,72,81,6988,82361
448,-113,978,140,-5859,-6103,-35644,1,72,81,6988,82366
448,-115,980,144,-11962,-5126,-39794,1,72,81,6988,82371
447,-107,980,156,-4516,-8056,-29541,1,72,81,6988,82376
447,-101,986,148,-5126,-5737,-34667,1,72,81,6988,82381
449,-93,990,148,-2929,-5371,-31494,2,70,82,6988,82386
446,-83,988,160,-6713,-7690,-36743,2,70,82,6988,82391
447,-76,994,156,-6103,-13183,-38940,2,70,82,6988,82396
448,-68,996,162,-2929,-11108,-32958,2,70,82,6988,82401
449,-56,1000,160,-7568,-12207,-41503,2,70,82,6988,82406
447,-58,1007,158,3662,-8544,-30517,2,70,82,6988,82411
447,-52,1007,158,-2685,-8178,-30151,2,70,82,6988,82416
447,-46,1011,152,-3906,-12817,-33935,1,69,83,6987,82421
448,-46,1013,160,-5004,-6713,-23071,1,69,83,6987,82426
447,-46,1023,154,-3051,-11840,-24169,1,69,83,6987,82431
447,-41,1023,148,-366,-12573,-23559,1,69,83,6987,82436
449,-58,1025,166,2563,-15991,-34912,1,69,83,6987,82441
447,-64,1027,166,-4638,-5371,-22705,1,69,83,6987,82446
448,-66,1029,181,1708,-11352,-25390,1,69,83,6987,82451
447,-72,1027,177,5249,-9643,-16113,1,70,83,6989,82456
448,-76,1031,177,4516,-6958,-13549,1,70,83,6989,82461
448,-87,1029,177,1953,-10009,-12939,1,70,83,6989,82466
447,-91,1033,181,-3173,-11474,-19653,1,70,83,6989,82471
447,-103,1039,185,4150,-6103,-21850,1,70,83,6989,82476
447,-107,1041,183,-5126,-7934,-20751,1,70,83,6989,82481
447,-117,1037,183,1953,-8178,-19775,1,70,83,6989,82486
447,-107,1044,179,1098,-8056,-20996,1,69,83,6988,82491
449,-121,1044,177,0,-8789,-21484,1,69,83,6988,82496
448,-125,1042,171,6835,-13183,-23803,1,69,83,6988,82501
449,-117,1050,171,-4516,-8911,-18432,1,69,83,6988,82506
446,-128,1052,164,-2197,-5249,-22583,1,69,83,6988,82511
446,-130,1062,173,2563,-3784,-11718,1,69,83,6988,82516
446,-134,1060,169,3540,-1831,-13671,1,69,83,6988,82521
447,-128,1064,177,1831,-2807,-25024,1,70,82,6987,82526
447,-136,1064,175,2929,-8056,-22094,1,70,82,6987,82531
447,-136,1072,181,4394,2197,-28442,1,70,82,6987,82536
447,-144,1082,183,2929,-1098,-30639,1,70,82,6987,82541
447,-152,1078,183,4638,-6347,-27587,1,70,82,6987,82546
448,-152,1083,181,732,-4272,-31494,1,70,82,6987,82551
446,-158,1089,187,-1098,-3417,-34301,1,70,82,6987,82556
448,-164,1095,185,1586,2685,-25390,2,69,83,6988,82561
449,-166,1099,183,4394,1708,-29663,2,69,83,6988,82566
448,-173,1095,187,-1342,8178,-22460,2,69,83,6988,82571
447,-173,1103,191,3051,1220,-28442,2,69,83,6988,82576
447,-173,1113,187,-4760,-2929,-39062,2,69,83,6988,82581
447,-173,1113,185,4882,1342,-33813,2,69,83,6988,82586
447,-169,1115,189,2441,-732,-39306,2,69,83,6988,82591
448,-169,1111,187,3540,6103,-36621,2,69,83,6987,82596
448,-179,1123,175,-1464,-732,-43701,2,69,83,6987,82601
447,-179,1119,189,-2441,122,-37963,2,69,83,6987,82606
448,-177,1121,183,1342,1831,-36132,2,69,83,6987,82611
447,-185,1132,183,-3417,244,-37841,2,69,83,6987,82616
448,-197,1126,183,2441,6958,-40405,2,69,83,6987,82621
448,-201,1126,193,7080,6713,-46386,3,66,82,6988,82626
448,-210,1136,187,732,10375,-40771,3,66,82,6988,82631
449,-222,1132,193,-1220,3051,-51269,3,66,82,6988,82636
449,-224,1132,195,2563,1342,-47729,3,66,82,6988,82641
446,-228,1130,183,0,2685,-41992,3,66,82,6988,82646
447,-224,1130,187,4028,5737,-50903,3,66,82,6988,82651
448,-220,1132,185,3784,-122,-58471,3,66,82,6988,82656
447,-234,1136,187,4272,10620,-59692,4,68,84,6987,82661
447,-238,1132,185,2197,-732,-56274,4,68,84,6987,82666
447,-234,1142,179,-4394,-854,-56762,4,68,84,6987,82671
448,-240,1138,181,854,2685,-61279,4,68,84,6987,82676
447,-242,1140,185,-3173,4882,-60668,4,68,84,6987,82681
447,-251,1142,177,-976,-2563,-62011,4,68,84,6987,82686
448,-267,1142,185,-1586,2197,-62988,4,68,84,6987,82691
447,-273,1144,189,-3784,2075,-70556,4,66,83,6986,82696
447,-283,1132,183,-5371,122,-65063,4,66,83,6986,82701
448,-287,1132,187,-8178,9033,-67382,4,66,83,6986,82706
448,-300,1132,193,-10864,-5493,-75073,4,66,83,6986,82711
449,-302,1132,189,-2197,-1953,-77880,4,66,83,6986,82716
447,-306,1125,195,-6713,-5126,-76904,4,66,83,6986,82721
447,-308,1126,191,-10009,-2075,-80444,4,66,83,6986,82726
447,-306,1125,187,-10498,366,-77880,4,64,84,6987,82731
447,-300,1125,181,-13549,488,-82885,4,64,84,6987,82736
447,-296,1119,171,-12084,-8300,-87890,4,64,84,6987,82741
447,-296,1119,169,-4150,3295,-80566,4,64,84,6987,82746
447,-306,1117,167,-8789,-2441,-91796,4,64,84,6987,82751
448,-308,1109,156,-8666,-1220,-94360,4,64,84,6987,82756
448,-318,1105,160,-9887,-976,-99243,4,64,84,6987,82761
449,-324,1097,160,-13305,2197,-84472,4,64,85,6988,82766
447,-339,1087,154,-17211,-8178,-95703,4,64,85,6988,82771
447,-343,1085,154,-13305,-4150,-108276,4,64,85,6988,82776
448,-351,1072,156,-13305,-122,-98144,4,64,85,6988,82781
449,-365,1074,150,-17211,-5615,-100708,4,64,85,6988,82786
447,-367,1060,164,-9887,1831,-104858,4,64,85,6988,82791
447,-375,1054,158,-6958,-3417,-102539,4,64,85,6988,82796
447,-376,1050,152,-13916,-2319,-108032,5,63,85,6988,82801
446,-384,1044,160,-6347,-4150,-109130,5,63,85,6988,82806
448,-384,1035,160,-7202,-5737,-112182,5,63,85,6988,82811
447,-386,1029,154,-17700,-6469,-111206,5,63,85,6988,82816
447,-394,1021,156,-11108,-12084,-111083,5,63,85,6988,82821
447,-392,1007,160,-13061,-10375,-116577,5,63,85,6988,82826
448,-390,1003,156,-13305,-14038,-116088,5,63,85,6988,82831
448,-402,992,154,-9399,-10009,-117919,6,61,86,6987,82836
447,-410,982,152,-19775,-11718,-115600,6,61,86,6987,82841
448,-417,972,158,-9399,-12817,-119750,6,61,86,6987,82846
448,-431,964,156,-12084,-17700,-123413,6,61,86,6987,82851
449,-431,958,171,-13061,-11596,-122070,6,61,86,6987,82856
448,-435,970,158,-12939,-7446,-123291,6,61,86,6987,82861
447,-347,945,148,-10131,-4028,-125244,5,59,85,6986,82866
447,-474,857,205,-7446,-7324,-126098,5,59,85,6986,82871
448,-466,964,177,-12207,-13793,-120361,5,59,85,6986,82876
447,-439,931,185,-15380,-12084,-125366,5,59,85,6986,82881
449,-324,949,220,-9399,-9277,-131713,5,59,85,6986,82886
446,-380,882,228,-9033,-8056,-124389,5,59,85,6986,82891
447,-449,822,123,-9643,-9643,-134643,5,59,85,6986,82896
446,-505,919,164,-6103,-4028,-123413,6,56,86,6988,82901
449,-564,916,152,-8544,-5249,-133544,6,56,86,6988,82906
447,-447,908,187,-14770,-2929,-131225,6,56,86,6988,82911
449,-373,816,205,-10742,244,-131835,6,56,86,6988,82916
446,-425,828,177,-15136,-1953,-133422,6,56,86,6988,82921
447,-529,863,169,-11718,0,-129150,6,56,86,6988,82926
446,-552,843,162,-15014,-5737,-125610,6,56,86,6988,82931
447,-513,824,175,-11352,0,-117187,8,53,86,6988,82936
447,-498,792,191,-8056,2197,-126708,8,53,86,6988,82941
447,-519,808,185,-7690,488,-129516,8,53,86,6988,82946
447,-552,792,181,-8422,-3173,-135620,8,53,86,6988,82951
447,-562,777,179,-2807,1342,-128173,8,53,86,6988,82956
448,-570,765,191,-5493,-2075,-135131,8,53,86,6988,82961
447,-580,779,187,-7690,-488,-130859,8,53,86,6988,82966
447,-595,755,199,-8300,-3295,-129028,7,52,86,6988,82971
448,-601,753,207,-6103,-3906,-132568,7,52,86,6988,82976
448,-605,736,203,-8178,-9521,-130371,7,52,86,6988,82981
448,-607,732,201,-4394,-4760,-133300,7,52,86,6988,82986
448,-609,710,199,-6958,-6958,-125488,7,52,86,6988,82991
448,-619,712,193,-610,-8666,-142944,7,52,86,6988,82996
448,-617,708,199,-2685,-4150,-137451,7,52,86,6988,83001
448,-617,695,199,-8300,-10742,-134399,9,50,87,6988,83006
448,-625,689,199,-488,-2075,-134521,9,50,87,6988,83011
448,-623,677,193,-366,-6103,-123779,9,50,87,6988,83016
449,-630,675,193,3173,-8544,-136108,9,50,87,6988,83021
447,-632,671,201,2197,-6225,-139282,9,50,87,6988,83026
447,-632,656,205,3173,-8056,-140258,9,50,87,6988,83031
447,-640,654,197,1342,-11718,-127563,9,50,87,6988,83036
448,-660,636,197,3784,-13916,-139770,8,49,88,6988,83041
449,-666,628,201,1220,-4760,-136962,8,49,88,6988,83046
447,-673,599,208,4028,-4272,-137695,8,49,88,6988,83051
448,-691,599,195,6713,-1953,-128173,8,49,88,6988,83056
447,-707,601,195,5493,-6591,-134277,8,49,88,6988,83061
447,-718,580,197,3051,-1708,-138671,8,49,88,6988,83066
448,-734,576,193,610,-1831,-134765,8,49,88,6988,83071
447,-744,566,203,9277,-6469,-134521,7,45,87,6988,83076
448,-748,548,195,10375,-5981,-140747,7,45,87,6988,83081
447,-750,548,197,6225,-4760,-138549,7,45,87,6988,83086
448,-757,539,197,3173,-10253,-142456,7,45,87,6988,83091
449,-767,533,197,11108,-7568,-136352,7,45,87,6988,83096
448,-773,519,205,5371,-6713,-137817,7,45,87,6988,83101
447,-777,507,199,4394,-3173,-135375,7,45,87,6988,83106
447,-775,501,191,12817,-3173,-135864,7,43,88,6988,83111
449,-771,488,183,10253,-2563,-137329,7,43,88,6988,83116
447,-769,476,179,8911,-4028,-136474,7,43,88,6988,83121
446,-775,470,183,4882,1586,-137084,7,43,88,6988,83126
446,-787,453,185,7324,-2197,-141357,7,43,88,6988,83131
447,-794,433,189,12695,-2441,-141479,7,43,88,6988,83136
447,-802,427,189,13549,-4760,-135620,6,41,89,6989,83141
448,-802,414,189,10986,-1953,-133789,6,41,89,6989,83146
448,-812,412,199,14892,-5126,-133056,6,41,89,6989,83151
447,-812,402,197,20263,-3540,-139404,6,41,89,6989,83156
447,-814,392,189,18188,-5493,-126831,6,41,89,6989,83161
448,-818,375,193,17089,-8666,-138671,6,41,89,6989,83166
448,-824,365,195,18554,-3540,-132812,6,41,89,6989,83171
449,-832,351,189,13305,-2563,-135253,5,38,90,6987,83176
446,-832,339,189,11718,-9155,-142333,5,38,90,6987,83181
447,-839,332,191,14038,2075,-130371,5,38,90,6987,83186
447,-839,316,189,16113,-10742,-142333,5,38,90,6987,83191
447,-851,304,195,15136,-9765,-136108,5,38,90,6987,83196
447,-861,294,187,20263,-13427,-132324,5,38,90,6987,83201
447,-861,291,191,25268,-13183,-131103,5,38,90,6987,83206
447,-853,277,201,24047,-10498,-126586,5,36,90,6988,83211
447,-845,273,189,12939,-7568,-126953,5,36,90,6988,83216
447,-843,265,193,15625,-15380,-122558,5,36,90,6988,83221
448,-830,259,193,15625,-7202,-124023,5,36,90,6988,83226
447,-833,240,181,19165,-10375,-117187,5,36,90,6988,83231
447,-835,240,183,19042,-14038,-120239,5,36,90,6988,83236
447,-843,222,183,19653,-8178,-122558,5,36,90,6988,83241
448,-841,210,181,25634,-6835,-122924,4,36,89,6988,83246
449,-835,199,187,24658,-4272,-118774,4,36,89,6988,83251
447,-839,181,185,24047,-8300,-115600,4,36,89,6988,83256
448,-845,166,195,26367,-2197,-102294,4,36,89,6988,83261
447,-861,156,189,21118,-4028,-109008,4,36,89,6988,83266
447,-871,130,208,22827,-6103,-111083,4,36,89,6988,83271
448,-875,123,208,25268,-5493,-107910,4,36,89,6988,83276
447,-880,107,214,26245,-7202,-111083,4,33,91,6986,83281
448,-882,103,214,26000,-122,-104125,4,33,91,6986,83286
448,-880,89,207,18920,4272,-101196,4,33,91,6986,83291
447,-863,78,208,31982,9643,-102416,4,33,91,6986,83296
449,-859,74,208,18798,7934,-105346,4,33,91,6986,83301
447,-853,72,197,24780,10131,-98999,4,33,91,6986,83306
447,-843,74,193,24536,5737,-101928,4,33,91,6986,83311
447,-830,70,199,20141,9887,-99121,1,31,91,6989,83316
447,-820,72,199,26977,12573,-89233,1,31,91,6989,83321
447,-808,64,207,25634,17211,-88012,1,31,91,6989,83326
447,-808,66,195,17456,14648,-78491,1,31,91,6989,83331
446,-806,54,199,21606,21240,-71533,1,31,91,6989,83336
447,-818,54,205,18310,17822,-79833,1,31,91,6989,83341
448,-826,35,195,19897,23193,-68969,1,31,91,6989,83346
447,-841,29,207,21728,20629,-69458,1,30,91,6987,83351
449,-859,19,212,21606,27587,-65795,1,30,91,6987,83356
447,-869,9,218,21606,22460,-55786,1,30,91,6987,83361
448,-876,9,214,20507,28442,-56884,1,30,91,6987,83366
447,-888,1,216,23803,26977,-57739,1,30,91,6987,83371
447,-898,0,210,20874,22583,-54565,1,30,91,6987,83376
448,-917,-15,205,19409,27954,-44677,0,29,91,6986,83381
448,-927,-17,212,17944,16845,-50781,0,29,91,6986,83386
448,-931,-23,195,23803,21362,-39184,0,29,91,6986,83391
447,-935,-29,203,17089,24658,-34545,0,29,91,6986,83396
448,-937,-23,199,19409,16479,-31494,0,29,91,6986,83401
449,-939,-41,197,13793,18798,-35522,0,29,91,6986,83406
447,-945,-44,195,14404,19775,-22705,0,29,91,6986,83411
448,-945,-44,191,14160,15136,-26977,-2,28,91,6986,83416
449,-955,-44,195,11962,18432,-25268,-2,28,91,6986,83421
447,-955,-48,195,12817,14648,-15258,-2,28,91,6986,83426
446,-958,-50,187,11596,16113,-19531,-2,28,91,6986,83431
447,-955,-56,189,10742,12207,-19287,-2,28,91,6986,83436
447,-951,-58,187,15625,17333,-14892,-2,28,91,6986,83441
447,-966,-60,175,17089,15136,-21484,-2,28,91,6986,83446
447,-960,-72,181,14526,15869,-14160,-1,29,90,6987,83451
447,-966,-76,175,11840,14648,-23193,-1,29,90,6987,83456
448,-970,-70,171,10498,14770,-10131,-1,29,90,6987,83461
448,-968,-76,166,10375,13916,-10742,-1,29,90,6987,83466
447,-970,-76,160,12329,15869,-7080,-1,29,90,6987,83471
447,-972,-70,154,6835,19775,-10864,-1,29,90,6987,83476
447,-968,-76,152,8789,22583,-2563,-1,29,90,6987,83481
449,-974,-68,154,2441,15258,-7080,-1,28,91,6987,83486
447,-976,-70,148,6347,10864,-7080,-1,28,91,6987,83491
447,-972,-68,144,-2197,17211,-4638,-1,28,91,6987,83496
447,-974,-74,152,-976,16235,-4028,-1,28,91,6987,83501
447,-976,-70,146,6591,19897,-4394,-1,28,91,6987,83506
448,-976,-68,136,5249,16235,2685,-1,28,91,6987,83511
447,-980,-70,136,5859,19287,1464,-1,28,91,6987,83516
448,-978,-74,134,5859,20996,5004,-2,28,93,6987,83521
448,-966,-70,125,-2807,13916,-1708,-2,28,93,6987,83526
447,-982,-74,130,-4150,14282,732,-2,28,93,6987,83531
448,-972,-72,117,-976,15136,732,-2,28,93,6987,83536
448,-980,-74,113,3784,14404,6103,-2,28,93,6987,83541
448,-982,-70,115,122,14770,6835,-2,28,93,6987,83546
449,-990,-68,107,-1098,7202,7812,-2,28,93,6987,83551
446,-984,-64,107,1831,15869,10864,-1,29,91,6987,83556
447,-986,-72,93,1342,12451,-244,-1,29,91,6987,83561
447,-988,-58,95,976,13916,1464,-1,29,91,6987,83566
447,-986,-60,97,976,15258,3051,-1,29,91,6987,83571
449,-988,-54,99,0,13916,12573,-1,29,91,6987,83576
447,-990,-54,97,-610,13061,-4028,-1,29,91,6987,83581
447,-994,-50,93,-2441,18188,4272,-1,29,91,6987,83586
448,-994,-48,95,3295,11352,5615,-1,28,91,6986,83591
447,-1000,-46,95,-5371,12451,6469,-1,28,91,6986,83596
447,-990,-42,97,-2441,10375,7446,-1,28,91,6986,83601
447,-996,-33,93,-4882,8789,-732,-1,28,91,6986,83606
448,-988,-35,97,-9277,10009,5126,-1,28,91,6986,83611
448,-998,-21,97,2563,9643,6225,-1,28,91,6986,83616
448,-1000,-23,95,-1953,7934,7812,-1,28,91,6986,83621
448,-996,-25,99,-2075,7568,2319,0,28,90,6988,83626
448,-1011,-21,99,-4638,5126,14526,0,28,90,6988,83631
448,-1007,-17,99,-5126,9643,7324,0,28,90,6988,83636
449,-1005,-17,99,-4638,2075,11474,0,28,90,6988,83641
447,-1013,-17,101,-8544,2685,10864,0,28,90,6988,83646
447,-1011,-17,99,-1464,2563,1098,0,28,90,6988,83651
447,-1013,-3,99,-5737,1953,13061,-2,28,91,6987,83656
447,-1019,-3,103,-610,3295,6347,-2,28,91,6987,83661
447,-1011,-7,107,-2929,-5737,13427,-2,28,91,6987,83666
447,-1011,-5,109,-2563,244,3295,-2,28,91,6987,83671
448,-1013,1,101,-1586,-854,11840,-2,28,91,6987,83676
449,-998,5,101,-366,3173,12329,-2,28,91,6987,83681
446,-1000,7,95,-8666,-5615,-4516,-2,28,91,6987,83686
448,-996,17,95,-3295,1586,11718,1,29,89,6987,83691
447,-990,13,97,-8911,-1831,5615,1,29,89,6987,83696
447,-982,9,101,-1464,-2075,-2441,1,29,89,6987,83701
448,-984,17,99,-4150,-2075,4394,1,29,89,6987,83706
447,-980,17,97,-5249,610,10742,1,29,89,6987,83711
448,-976,11,93,2929,3906,10009,1,29,89,6987,83716
447,-978,21,95,-2563,13061,9277,1,29,89,6987,83721
449,-986,21,97,-854,6225,15869,1,29,89,6990,83726
447,-986,27,99,-4150,4516,4638,1,29,89,6990,83731
448,-988,15,97,-9155,3295,9643,1,29,89,6990,83736
447,-996,25,95,-5004,-2075,7812,1,29,89,6990,83741
447,-1000,31,95,-6347,1098,6469,1,29,89,6990,83746
448,-1005,29,95,-7690,9277,4760,1,29,89,6990,83751
447,-1011,29,93,-7934,1708,10375,1,29,89,6990,83756
447,-1017,31,95,-610,0,6103,0,28,89,6988,83761
447,-1019,35,95,-6469,854,5249,0,28,89,6988,83766
448,-1013,27,93,-5126,1953,8666,0,28,89,6988,83771
448,-1017,29,95,-10986,-3051,2563,0,28,89,6988,83776
449,-1017,17,95,-7568,1220,-488,0,28,89,6988,83781
446,-1013,23,91,-8300,-4882,13061,0,28,89,6988,83786
447,-1025,25,95,-5859,-2075,6103,0,28,89,6988,83791
446,-1017,19,93,-8666,2563,4272,0,29,90,6987,83796
447,-1021,21,97,-3295,1342,7324,0,29,90,6987,83801
448,-1023,17,93,-5615,-5126,-854,0,29,90,6987,83806
449,-1019,13,93,-5493,-122,11718,0,29,90,6987,83811
447,-1025,25,99,-6591,-10742,8422,0,29,90,6987,83816
448,-1017,17,93,-6835,-5981,7324,0,29,90,6987,83821
447,-1015,27,93,-4150,-6103,4150,0,29,90,6987,83826
447,-1011,31,93,-6225,-7202,-732,-1,29,89,6987,83831
447,-1001,35,93,-5615,-6958,9521,-1,29,89,6987,83836
447,-1005,29,91,-4760,-4028,7080,-1,29,89,6987,83841
447,-1005,29,95,-1953,-1098,6958,-1,29,89,6987,83846
448,-1001,33,93,-7690,-4638,5615,-1,29,89,6987,83851
449,-1007,35,97,-2563,-3173,10864,-1,29,89,6987,83856
448,-1009,39,93,-5371,-4150,366,-1,29,89,6987,83861
446,-1011,33,99,-2685,-3295,6103,1,30,89,6987,83866
448,-1011,39,97,-6591,976,5981,1,30,89,6987,83871
446,-1015,33,103,-4150,-3540,4272,1,30,89,6987,83876
448,-1013,37,97,2685,-2563,5615,1,30,89,6987,83881
448,-1015,35,103,2197,2685,7934,1,30,89,6987,83886
447,-1009,41,99,-4150,-5737,2685,1,30,89,6987,83891
446,-1009,48,97,-2441,-2563,7202,1,29,89,6987,83896
448,-1013,48,107,-5371,-2441,4028,1,29,89,6987,83901
447,-1009,46,99,-2563,-2441,488,1,29,89,6987,83906
447,-1009,50,105,-6225,-4028,5615,1,29,89,6987,83911
448,-1009,52,103,-6103,-854,9277,1,29,89,6987,83916
447,-1017,52,111,-11718,-5004,-2197,1,29,89,6987,83921
448,-1015,48,115,-7690,-976,6103,1,29,89,6987,83926
447,-1019,54,123,-2685,-8300,-122,1,29,90,6988,83931
448,-1023,50,117,-4516,-6103,3051,1,29,90,6988,83936
448,-1027,50,123,-4150,-2685,4760,1,29,90,6988,83941
449,-1029,56,121,-2929,-5126,10375,1,29,90,6988,83946
447,-1025,54,125,-7690,-732,1953,1,29,90,6988,83951
447,-1021,58,115,-8056,1831,7690,1,29,90,6988,83956
447,-1021,48,125,-7446,-8911,-1464,1,29,90,6988,83961
448,-1021,54,119,-4028,-4150,-488,0,29,89,6987,83966
448,-1015,52,115,0,-7080,-976,0,29,89,6987,83971
449,-1009,50,117,-2441,-9399,-4394,0,29,89,6987,83976
447,-1011,56,115,-5493,-488,2075,0,29,89,6987,83981
447,-1003,60,117,122,-4394,366,0,29,89,6987,83986
448,-1000,66,109,-3906,-854,0,0,29,89,6987,83991
447,-998,66,123,-9521,-7812,2441,0,29,89,6987,83996
448,-998,66,113,-6347,-2441,5249,-1,28,90,6986,84001
448,-1000,64,121,-4394,2563,1708,-1,28,90,6986,84006
448,-1005,64,123,-4516,-854,-2197,-1,28,90,6986,84011
448,-1007,62,123,-5004,732,122,-1,28,90,6986,84016
447,-1013,66,125,-6713,0,366,-1,28,90,6986,84021
448,-1011,56,126,-8300,-122,-4150,-1,28,90,6986,84026
448,-1017,62,128,-7568,2319,2075,-1,28,90,6986,84031
448,-1023,60,130,-6591,-2807,7690,0,29,89,6987,84036
448,-1019,56,119,-4394,4150,4028,0,29,89,6987,84041
448,-1017,56,123,-5493,-4760,-2929,0,29,89,6987,84046
448,-1017,56,126,-5371,-854,2197,0,29,89,6987,84051
449,-1013,54,121,-10253,-2807,8422,0,29,89,6987,84056
449,-1015,54,115,-3906,3417,1831,0,29,89,6987,84061
447,-1009,56,123,-2563,1220,-2197,0,29,89,6987,84066
447,-1009,52,125,-2563,-2441,-6469,1,29,89,6987,84071
448,-1007,56,119,-3417,-1708,1586,1,29,89,6987,84076
448,-1009,62,117,-6591,-8178,-4882,1,29,89,6987,84081
449,-1011,60,121,-5981,-854,-1098,1,29,89,6987,84086
447,-1009,52,113,-5737,-1098,3417,1,29,89,6987,84091
447,-1003,50,117,-6347,976,-1342,1,29,89,6987,84096
448,-1007,48,111,-3295,-2929,-6103,1,29,89,6987,84101
447,-998,50,115,-2563,2685,-7934,0,29,89,6989,84106
447,-996,46,117,-7934,-8911,-3540,0,29,89,6989,84111
447,-998,46,115,-4760,-3540,-5249,0,29,89,6989,84116
447,-996,50,109,-9887,-3295,-6713,0,29,89,6989,84121
447,-998,48,117,-7812,1342,-122,0,29,89,6989,84126
447,-992,50,113,-9155,-5371,-610,0,29,89,6989,84131
447,-990,50,115,-1708,-3906,-6347,0,29,89,6989,84136
447,-984,48,115,-2319,1342,-11108,1,29,89,6989,84141
447,-978,48,111,2807,-732,1953,1,29,89,6989,84146
448,-978,50,111,-976,244,-3662,1,29,89,6989,84151
448,-988,50,115,-7690,2197,-4516,1,29,89,6989,84156
448,-988,56,111,-244,-1708,-2563,1,29,89,6989,84161
448,-990,46,117,-5493,-2807,-5981,1,29,89,6989,84166
447,-994,50,117,-2197,-7202,-5615,1,29,89,6988,84171
449,-990,54,123,-1464,2929,-4638,1,29,89,6988,84176
447,-992,50,123,-4150,-5371,5126,1,29,89,6988,84181
448,-994,44,121,488,-2563,488,1,29,89,6988,84186
449,-988,48,125,-3662,-854,7202,1,29,89,6988,84191
447,-988,52,128,-732,2197,-1831,1,29,89,6988,84196
447,-990,50,125,-2319,366,4272,1,29,89,6988,84201
448,-986,54,121,-2319,-3051,-2929,1,29,90,6987,84206
447,-984,46,126,-5859,-610,732,1,29,90,6987,84211
446,-986,46,128,-1464,5371,5126,1,29,90,6987,84216
449,-992,48,119,-732,1342,-4394,1,29,90,6987,84221
447,-992,44,123,-1464,8666,-854,1,29,90,6987,84226
446,-994,46,123,-6958,1586,-1586,1,29,90,6987,84231
447,-996,46,121,610,-732,-2197,1,29,90,6987,84236
447,-998,50,121,-3051,-610,2563,1,30,89,6989,84241
447,-1005,48,119,-1586,3295,1831,1,30,89,6989,84246
447,-1007,50,125,-5371,-4394,-732,1,30,89,6989,84251
447,-1009,48,128,976,-3540,-2929,1,30,89,6989,84256
447,-1011,48,136,-366,-4272,-3784,1,30,89,6989,84261
448,-1017,46,128,-3784,-3540,4028,1,30,89,6989,84266
447,-1013,50,123,-3295,-6225,-4028,1,30,89,6989,84271
448,-1009,50,132,-1098,-7446,-4028,1,29,89,6988,84276
449,-996,54,130,-1831,2075,366,1,29,89,6988,84281
447,-998,60,128,-1464,2441,-1586,1,29,89,6988,84286
447,-1003,50,134,-3173,244,1220,1,29,89,6988,84291
447,-1003,56,134,-1708,-3417,-4394,1,29,89,6988,84296
447,-998,54,134,976,3662,366,1,29,89,6988,84301
449,-1005,52,136,-7324,3662,6469,1,29,89,6988,84306
447,-1005,56,138,6347,3662,-3417,1,30,90,6986,84311
447,-1007,52,142,-5249,-3540,-5615,1,30,90,6986,84316
447,-1000,48,132,122,976,2685,1,30,90,6986,84321
447,-1009,42,140,-1342,122,2441,1,30,90,6986,84326
448,-1003,56,136,-1098,610,-7080,1,30,90,6986,84331
448,-1000,48,144,-5615,-6103,-4028,1,30,90,6986,84336
447,-1005,54,136,-2807,976,-3051,1,30,90,6986,84341
447,-1003,58,130,0,-3906,-8300,0,29,89,6990,84346
447,-998,54,136,-7812,-5371,-1342,0,29,89,6990,84351
449,-1003,52,132,-610,5371,-2807,0,29,89,6990,84356
447,-1005,54,130,-6469,-1098,244,0,29,89,6990,84361
447,-1003,52,130,-5249,1953,4272,0,29,89,6990,84366
447,-1009,58,126,-5493,366,1708,0,29,89,6990,84371
447,-1005,54,126,-6103,-2441,3662,0,29,89,6990,84376
447,-1007,54,132,-6835,-2197,-3540,0,30,90,6990,84381
447,-1017,52,126,-4638,-122,-7080,0,30,90,6990,84386
448,-1009,50,125,-6225,-2197,4394,0,30,90,6990,84391
447,-1013,42,130,-5004,-854,-1586,0,30,90,6990,84396
447,-1017,44,125,488,-4150,-3540,0,30,90,6990,84401
448,-1015,46,125,-122,-244,-2685,0,30,90,6990,84406
448,-1023,42,128,-5371,244,-2685,1,28,90,6988,84411
449,-1021,44,130,-1098,-1708,4394,1,28,90,6988,84416
449,-1017,42,132,488,-4638,-7934,1,28,90,6988,84421
447,-1019,39,125,-976,-7324,-610,1,28,90,6988,84426
447,-1007,42,123,2929,-2929,-244,1,28,90,6988,84431
447,-1011,39,125,6713,2319,8544,1,28,90,6988,84436
448,-1005,44,128,1098,-6103,1831,1,28,90,6988,84441
447,-1003,50,130,6591,-5615,2685,1,28,89,6987,84446
447,-1003,46,128,5737,-5615,-122,1,28,89,6987,84451
448,-998,41,128,610,-2197,-366,1,28,89,6987,84456
447,-992,42,130,-3662,-3051,854,1,28,89,6987,84461
447,-994,41,130,8300,-2685,-6958,1,28,89,6987,84466
447,-1005,41,130,5859,-3051,-9643,1,28,89,6987,84471
448,-1000,44,128,-488,-10009,-6958,1,28,89,6987,84476
448,-1000,46,136,3173,-2319,1342,0,29,90,6988,84481
449,-1000,42,134,-5004,-6103,-2075,0,29,90,6988,84486
448,-998,42,146,-1831,0,2563,0,29,90,6988,84491
447,-1001,41,134,854,-2075,11596,0,29,90,6988,84496
448,-1000,41,144,2197,-976,4394,0,29,90,6988,84501
447,-998,42,128,3540,-1342,1220,0,29,90,6988,84506
448,-1000,41,138,5615,1953,-2563,0,29,90,6988,84511
447,-998,44,142,4028,-854,-366,1,30,89,6987,84516
447,-998,50,140,5493,-2685,3295,1,30,89,6987,84521
448,-996,48,142,4150,-4516,-122,1,30,89,6987,84526
448,-1007,46,144,4272,-1220,6958,1,30,89,6987,84531
447,-1005,44,146,-854,-1464,7324,1,30,89,6987,84536
447,-998,50,156,4150,-6103,-122,1,30,89,6987,84541
448,-1003,44,150,854,-4516,-3295,1,30,89,6987,84546
448,-1009,44,156,7568,-3295,3417,0,30,90,6987,84551
447,-1007,42,152,-610,-244,5615,0,30,90,6987,84556
447,-1011,42,160,5249,-1953,-1342,0,30,90,6987,84561
448,-1005,44,154,2807,-488,3662,0,30,90,6987,84566
449,-1003,44,152,4760,4150,-5371,0,30,90,6987,84571
448,-998,48,150,-3906,-5859,-2685,0,30,90,6987,84576
447,-986,48,150,1342,-1098,-488,0,30,90,6987,84581
446,-994,46,148,-244,0,3173,0,29,89,6989,84586
448,-982,50,144,3540,1953,1220,0,29,89,6989,84591
448,-980,50,144,-2807,976,5126,0,29,89,6989,84596
449,-986,50,146,-488,-5615,-7568,0,29,89,6989,84601
447,-982,48,144,610,-488,1586,0,29,89,6989,84606
447,-986,54,156,6835,2441,2319,0,29,89,6989,84611
448,-998,52,144,488,3906,4760,0,29,89,6989,84616
448,-996,54,152,3540,-2685,3051,0,29,89,6987,84621
447,-1001,44,156,-1464,-2563,2807,0,29,89,6987,84626
447,-1009,52,156,5371,854,3051,0,29,89,6987,84631
448,-1009,41,148,4272,-610,732,0,29,89,6987,84636
447,-1009,42,154,2929,-5493,-2319,0,29,89,6987,84641
447,-1009,48,148,4028,3295,366,0,29,89,6987,84646
447,-1015,41,144,-3295,-1220,-5004,0,29,89,6987,84651
448,-1009,35,146,5126,244,-488,0,28,90,6987,84656
450,-1005,44,146,-1342,-1464,122,0,28,90,6987,84661
447,-1003,39,144,854,2075,-610,0,28,90,6987,84666
447,-1003,41,146,610,-488,-4028,0,28,90,6987,84671
448,-1005,44,138,854,-3173,9887,0,28,90,6987,84676
448,-1009,44,136,5004,5981,1708,0,28,90,6987,84681
448,-1001,39,140,-6103,-6835,-1342,1,30,90,6988,84686
447,-1005,41,138,-2929,-854,3173,1,30,90,6988,84691
449,-1003,42,142,5249,1220,-3417,1,30,90,6988,84696
447,-1005,39,136,3906,366,-3051,1,30,90,6988,84701
448,-1003,42,130,0,-9887,-2685,1,30,90,6988,84706
448,-1000,42,136,5004,-5615,854,1,30,90,6988,84711
447,-994,46,128,7324,0,366,1,30,90,6988,84716
447,-988,39,126,732,488,-244,1,29,90,6987,84721
448,-996,41,134,4028,-2075,2441,1,29,90,6987,84726
449,-996,41,130,3295,-2685,2563,1,29,90,6987,84731
449,-996,41,125,6103,3051,7934,1,29,90,6987,84736
447,-994,33,130,-2197,2197,-3051,1,29,90,6987,84741
446,-998,44,126,3906,-1098,-488,1,29,90,6987,84746
447,-1001,37,128,4272,4638,6347,1,29,90,6987,84751
447,-1007,41,138,3662,4394,4638,0,30,89,6988,84756
447,-1005,39,134,732,7812,5615,0,30,89,6988,84761
447,-1005,33,138,6347,-2685,4394,0,30,89,6988,84766
447,-1005,39,140,-1953,-3540,-4516,0,30,89,6988,84771
447,-1011,31,142,6469,3662,-4394,0,30,89,6988,84776
449,-1009,33,138,2807,-854,5004,0,30,89,6988,84781
446,-1005,37,134,2441,-2563,-5615,0,30,89,6988,84786
447,-996,39,132,5981,2685,244,0,29,90,6987,84791
446,-998,39,134,6958,7934,2929,0,29,90,6987,84796
447,-992,39,134,9643,7446,-2075,0,29,90,6987,84801
447,-988,48,136,4516,2563,9399,0,29,90,6987,84806
448,-1000,44,130,9643,6103,-854,0,29,90,6987,84811
448,-994,50,130,4272,854,-3051,0,29,90,6987,84816
447,-994,46,138,3173,3906,-3173,0,29,90,6987,84821
448,-1000,44,134,2075,8544,854,0,30,89,6989,84826
447,-1003,50,136,4638,4272,-5981,0,30,89,6989,84831
447,-1007,44,130,3417,-732,-3906,0,30,89,6989,84836
447,-1005,44,132,5249,3784,-7324,0,30,89,6989,84841
449,-1009,42,128,6713,6591,610,0,30,89,6989,84846
447,-1007,42,130,6225,5615,0,0,30,89,6989,84851
447,-1011,41,126,7202,2563,-1098,0,30,89,6989,84856
447,-1009,42,128,5249,5981,-122,-1,29,90,6988,84861
447,-1005,46,136,5371,5371,4272,-1,29,90,6988,84866
447,-1001,44,134,3295,488,-3662,-1,29,90,6988,84871
447,-1001,54,130,5126,3540,-1342,-1,29,90,6988,84876
449,-1007,46,128,5981,6713,1708,-1,29,90,6988,84881
449,-998,44,121,9399,366,1831,-1,29,90,6988,84886
446,-1001,52,123,2197,-4638,-2075,-1,29,90,6988,84891
447,-1000,50,126,8666,9277,1342,0,29,90,6987,84896
447,-998,52,128,11840,122,-6835,0,29,90,6987,84901
447,-998,54,128,1708,7080,5249,0,29,90,6987,84906
447,-1005,50,126,10498,5493,2441,0,29,90,6987,84911
447,-998,50,128,5493,6103,122,0,29,90,6987,84916
448,-1007,54,130,4394,854,-1831,0,29,90,6987,84921
448,-996,52,125,11962,4760,9643,0,29,90,6985,84926
447,-1009,52,125,8422,7080,5126,0,29,90,6985,84931
447,-1007,60,123,8666,7690,4760,0,29,90,6985,84936
448,-1007,54,130,4028,9521,2807,0,29,90,6985,84941
449,-1003,58,126,2319,9155,6835,0,29,90,6985,84946
447,-1001,54,121,8789,2929,7324,0,29,90,6985,84951
446,-1005,56,123,1953,2319,3784,0,29,90,6985,84956
447,-1001,56,123,8178,3540,488,0,30,89,6988,84961
447,-1003,50,113,976,1586,2441,0,30,89,6988,84966
447,-998,56,121,8789,4638,9033,0,30,89,6988,84971
447,-1003,54,111,4516,2441,4760,0,30,89,6988,84976
448,-1005,56,113,2075,9521,5981,0,30,89,6988,84981
447,-1003,60,109,5249,-2075,1708,0,30,89,6988,84986
448,-1003,58,111,8911,3295,5615,0,30,89,6988,84991
448,-1017,56,111,9155,10620,-2929,1,30,89,6987,84996
448,-1013,54,107,14526,7080,-122,1,30,89,6987,85001
447,-1011,54,111,8056,2929,0,1,30,89,6987,85006
448,-1017,58,109,8056,7934,2807,1,30,89,6987,85011
447,-1015,58,105,12939,8789,6469,1,30,89,6987,85016
449,-1019,56,105,7324,-1342,-1220,1,30,89,6987,85021
447,-1013,52,109,8056,8056,5004,1,30,89,6987,85026
448,-1011,54,113,14526,4638,-1831,0,29,90,6988,85031
448,-1011,56,105,11352,4882,5371,0,29,90,6988,85036
448,-1007,60,109,11230,4760,5615,0,29,90,6988,85041
448,-1003,60,101,11962,-1708,732,0,29,90,6988,85046
447,-1003,66,101,10742,122,3051,0,29,90,6988,85051
448,-1000,60,105,14648,3906,3173,0,29,90,6988,85056
447,-1000,62,103,14282,4394,6347,0,29,90,6988,85061
448,-1003,64,103,14160,-1098,6958,1,29,90,6986,85066
450,-998,60,105,18066,-5493,4272,1,29,90,6986,85071
447,-1003,64,115,15625,244,4394,1,29,90,6986,85076
447,-996,66,103,8666,0,3295,1,29,90,6986,85081
447,-1001,62,107,12695,6713,-3051,1,29,90,6986,85086
447,-992,68,103,16357,5737,8300,1,29,90,6986,85091
448,-996,66,111,4638,5737,5249,1,29,90,6986,85096
448,-996,70,111,9887,-488,5737,0,29,91,6989,85101
448,-992,68,109,13916,1953,-2197,0,29,91,6989,85106
447,-996,66,107,7324,1342,5737,0,29,91,6989,85111
447,-994,66,113,6225,6835,4150,0,29,91,6989,85116
449,-996,66,113,10742,10253,9277,0,29,91,6989,85121
447,-994,66,115,5981,7568,1220,0,29,91,6989,85126
447,-998,70,115,12695,6225,-3906,0,29,91,6989,85131
447,-994,68,113,7446,5371,6591,1,30,89,6989,85136
448,-998,68,107,9399,11962,-244,1,30,89,6989,85141
448,-1003,66,107,11596,2807,-5371,1,30,89,6989,85146
447,-1003,66,105,10498,8422,488,1,30,89,6989,85151
448,-1001,64,105,10864,5737,1586,1,30,89,6989,85156
448,-1003,66,103,3295,6347,2563,1,30,89,6989,85161
449,-1000,68,99,3662,4272,5615,1,30,89,6989,85166
447,-994,68,101,11840,6469,4272,1,30,90,6986,85171
447,-994,68,109,6591,2441,-5737,1,30,90,6986,85176
447,-996,68,107,9521,7080,7446,1,30,90,6986,85181
447,-998,68,103,4638,5615,-1831,1,30,90,6986,85186
447,-998,68,111,5859,5249,8544,1,30,90,6986,85191
448,-1001,72,103,6958,3784,-3784,1,30,90,6986,85196
447,-1003,70,107,5737,2929,1220,0,29,90,6988,85201
449,-1000,72,105,4516,6225,5004,0,29,90,6988,85206
446,-1000,70,105,1342,1220,488,0,29,90,6988,85211
447,-996,68,103,2929,5004,3051,0,29,90,6988,85216
447,-996,68,103,5004,8300,5249,0,29,90,6988,85221
447,-1009,66,105,8056,6591,4638,0,29,90,6988,85226
448,-1015,62,93,0,122,1342,0,29,90,6988,85231
447,-998,52,95,4272,-2807,7080,1,30,89,6989,85236
447,-1000,68,97,4882,5981,3295,1,30,89,6989,85241
447,-996,68,95,7568,7202,11962,1,30,89,6989,85246
447,-1000,70,93,5371,7934,5615,1,30,89,6989,85251
447,-1000,70,93,2929,2075,-122,1,30,89,6989,85256
449,-996,68,93,0,2563,1342,1,30,89,6989,85261
447,-1001,68,93,5615,7568,1220,1,30,89,6989,85266
447,-1001,66,93,1953,1586,8911,0,32,90,6988,85271
448,-1001,64,91,-3295,-732,5126,0,32,90,6988,85276
447,-982,62,93,122,2807,12695,0,32,90,6988,85281
448,-1001,41,93,2441,366,9399,0,32,90,6988,85286
448,-1007,62,89,2685,2075,10864,0,32,90,6988,85291
448,-986,70,93,-732,-2807,7324,0,32,90,6988,85296
447,-982,62,89,2685,2563,15136,0,32,90,6988,85301
448,-976,66,83,3051,4638,5371,2,30,90,6987,85306
447,-978,52,80,6469,1586,10864,2,30,90,6987,85311
449,-968,68,74,5371,-4516,9521,2,30,90,6987,85316
448,-970,58,70,5126,2197,12207,2,30,90,6987,85321
447,-964,60,62,2807,-1220,15380,2,30,90,6987,85326
447,-970,56,60,4882,-2319,9765,2,30,90,6987,85331
447,-968,54,58,8911,-3295,18066,2,30,90,6987,85336
448,-970,44,58,12329,1342,13916,2,30,90,6989,85341
448,-968,48,56,5249,-2807,14770,2,30,90,6989,85346
448,-978,52,50,5859,-2929,19531,2,30,90,6989,85351
448,-974,50,66,3540,-366,21362,2,30,90,6989,85356
449,-978,52,56,10375,-5981,13183,2,30,90,6989,85361
447,-976,41,68,10864,-3906,21972,2,30,90,6989,85366
447,-982,44,56,10009,-13061,25878,2,30,90,6989,85371
448,-982,46,62,12939,-6591,12695,1,30,90,6987,85376
448,-988,50,70,15380,-7446,16723,1,30,90,6987,85381
449,-996,42,76,16235,-3784,16479,1,30,90,6987,85386
447,-992,46,87,18432,-9033,18310,1,30,90,6987,85391
447,-992,48,89,10986,-13061,22216,1,30,90,6987,85396
447,-994,46,91,16479,-10620,23803,1,30,90,6987,85401
449,-998,48,91,10620,-12695,19775,1,30,90,6987,85406
447,-992,46,91,10742,-10620,21240,1,32,90,6988,85411
447,-988,44,93,18432,-11718,23925,1,32,90,6988,85416
446,-986,54,95,21850,-12084,23315,1,32,90,6988,85421
449,-974,54,103,16479,-12207,25268,1,32,90,6988,85426
447,-972,56,105,20874,-14404,22827,1,32,90,6988,85431
447,-970,62,105,17333,-10986,19165,1,32,90,6988,85436
445,-955,66,109,19897,-8178,23437,1,32,91,6989,85441
447,-962,64,121,19653,-1831,18554,1,32,91,6989,85446
447,-955,70,130,16235,-12084,17333,1,32,91,6989,85451
447,-947,72,130,11962,-9765,22216,1,32,91,6989,85456
447,-958,70,140,8056,-11718,22705,1,32,91,6989,85461
447,-949,72,144,11596,-9521,21606,1,32,91,6989,85466
447,-947,72,148,14648,-10986,28320,1,32,91,6989,85471
447,-939,72,140,9765,-13793,23437,1,31,90,6986,85476
447,-941,74,142,11230,-9887,29174,1,31,90,6986,85481
447,-935,72,154,14282,-2685,28686,1,31,90,6986,85486
447,-939,74,160,9277,-11596,23437,1,31,90,6986,85491
448,-941,74,164,12695,-11596,22460,1,31,90,6986,85496
449,-929,74,154,9887,-3784,23681,1,31,90,6986,85501
447,-923,76,162,2075,-5981,30883,1,31,90,6986,85506
448,-919,76,164,6103,-4028,30151,1,32,91,6988,85511
448,-916,74,150,13671,-4638,32958,1,32,91,6988,85516
448,-917,74,154,2197,-6713,36499,1,32,91,6988,85521
447,-906,74,150,6713,0,38940,1,32,91,6988,85526
447,-912,74,154,9155,-3417,37353,1,32,91,6988,85531
447,-914,74,148,2075,-3784,38085,1,32,91,6988,85536
448,-912,74,156,6958,0,41503,1,32,91,6988,85541
447,-916,74,167,-2319,0,38085,4,33,93,6988,85546
449,-886,82,195,-9887,-6347,43334,4,33,93,6988,85551
447,-923,64,175,-244,-488,36987,4,33,93,6988,85556
446,-921,101,171,-2197,1953,43823,4,33,93,6988,85561
448,-908,72,179,-5493,2685,41137,4,33,93,6988,85566
448,-902,109,179,-3295,8422,47851,4,33,93,6988,85571
448,-888,83,185,-9033,7934,46142,4,33,93,6988,85576
449,-873,109,177,-732,10986,50048,2,34,92,6989,85581
447,-859,107,173,-12939,8300,51757,2,34,92,6989,85586
447,-845,130,169,-7690,15380,61157,2,34,92,6989,85591
447,-833,128,162,-7812,14892,63598,2,34,92,6989,85596
447,-796,128,177,-11474,19653,67016,2,34,92,6989,85601
447,-833,130,154,-11718,25024,73242,2,34,92,6989,85606
447,-832,150,160,-15502,19409,65551,2,34,92,6989,85611
448,-810,193,160,-15380,31005,81542,3,34,91,6989,85616
447,-800,162,156,-12695,21362,78979,3,34,91,6989,85621
448,-810,222,154,-17333,30639,87402,3,34,91,6989,85626
448,-814,193,160,-15869,31738,91674,3,34,91,6989,85631
448,-814,232,144,-18432,27954,105468,3,34,91,6989,85636
449,-810,224,136,-18310,35522,104980,3,34,91,6989,85641
449,-814,257,125,-18676,30639,110351,3,34,91,6989,85646
447,-802,242,160,-16357,41259,114624,3,36,90,6987,85651
447,-841,271,87,-24536,29296,118164,3,36,90,6987,85656
447,-832,261,97,-22827,25024,123413,3,36,90,6987,85661
447,-808,333,111,-19653,28808,129028,3,36,90,6987,85666
448,-816,296,105,-23559,34545,141601,3,36,90,6987,85671
448,-804,363,101,-25512,33447,148193,3,36,90,6987,85676
447,-804,337,107,-21240,25512,153320,3,36,90,6987,85681
447,-781,378,95,-20751,29418,159912,3,37,90,6987,85686
448,-771,386,93,-25512,24902,158447,3,37,90,6987,85691
448,-761,410,91,-18188,23681,170776,3,37,90,6987,85696
447,-757,441,91,-21484,21484,179443,3,37,90,6987,85701
447,-755,453,85,-17822,23681,184570,3,37,90,6987,85706
447,-750,478,82,-26611,25878,185302,3,37,90,6987,85711
447,-753,484,85,-16235,25146,185913,4,40,88,6987,85716
448,-744,517,83,-21606,21972,202026,4,40,88,6987,85721
447,-730,517,80,-18066,25390,210449,4,40,88,6987,85726
448,-720,558,80,-22949,17089,211791,4,40,88,6987,85731
448,-697,578,80,-22705,15625,218872,4,40,88,6987,85736
449,-671,605,70,-25634,22949,227539,4,40,88,6987,85741
447,-654,626,74,-17944,19775,236694,4,40,88,6987,85746
447,-632,644,68,-19897,17456,240600,6,44,88,6986,85751
448,-603,681,66,-28320,17700,238891,6,44,88,6986,85756
447,-566,718,50,-13061,21118,247802,6,44,88,6986,85761
447,-585,693,66,-19165,23193,250000,6,44,88,6986,85766
449,-568,742,72,-20629,22949,264160,6,44,88,6986,85771
447,-548,794,62,-20263,24658,277709,6,44,88,6986,85776
447,-533,779,62,-20263,19653,270141,6,44,88,6986,85781
447,-541,859,50,-19409,15869,274169,8,48,86,6987,85786
447,-552,833,56,-24902,14038,274169,8,48,86,6987,85791
448,-554,892,58,-16845,23559,286865,8,48,86,6987,85796
448,-570,875,54,-19653,15502,287353,8,48,86,6987,85801
448,-582,925,62,-20996,21118,291625,8,48,86,6987,85806
448,-603,919,64,-23193,17822,284057,8,48,86,6987,85811
448,-623,939,78,-21606,18188,291625,8,48,86,6987,85816
449,-632,951,76,-23925,10253,288574,6,53,87,6986,85821
449,-630,962,74,-22827,20263,288574,6,53,87,6986,85826
447,-638,992,83,-28930,17822,284790,6,53,87,6986,85831
448,-658,984,76,-21484,21972,283935,6,53,87,6986,85836
447,-689,986,78,-28564,15625,275512,6,53,87,6986,85841
447,-705,960,74,-22460,14892,274658,6,53,87,6986,85846
448,-710,968,72,-30395,15991,273681,6,53,87,6986,85851
448,-734,937,70,-24047,15747,257202,6,58,85,6987,85856
448,-736,937,62,-31982,19042,250366,6,58,85,6987,85861
446,-751,916,56,-25634,19287,240722,6,58,85,6987,85866
447,-759,886,56,-30883,28930,219116,6,58,85,6987,85871
449,-773,875,66,-26367,27099,219238,6,58,85,6987,85876
446,-787,853,76,-27221,28930,201049,6,58,85,6987,85881
447,-796,869,87,-31860,32836,190673,6,58,85,6987,85886
446,-814,875,93,-26123,28686,184814,4,64,84,6986,85891
449,-812,900,91,-27221,32348,153076,4,64,84,6986,85896
447,-824,910,93,-25634,32836,151367,4,64,84,6986,85901
447,-826,908,87,-20629,34912,126464,4,64,84,6986,85906
447,-792,916,83,-21728,33447,110351,4,64,84,6986,85911
449,-732,912,89,-25268,32836,101074,4,64,84,6986,85916
447,-728,929,85,-22827,35888,90576,4,64,84,6986,85921
447,-683,882,72,-16845,37719,70556,3,64,85,6984,85926
447,-625,943,64,-15014,31250,64453,3,64,85,6984,85931
447,-574,919,66,-19897,28076,55297,3,64,85,6984,85936
446,-525,960,60,-14160,26000,39184,3,64,85,6984,85941
447,-476,953,56,-8666,30517,30517,3,64,85,6984,85946
447,-437,990,54,-4516,22705,25634,3,64,85,6984,85951
448,-398,998,64,5371,21362,26733,3,65,83,6985,85956
447,-357,1027,64,-4394,17578,18066,3,65,83,6985,85961
448,-328,1041,66,-244,18066,18554,3,65,83,6985,85966
447,-292,1048,74,7568,1220,9277,3,65,83,6985,85971
448,-265,1056,74,2563,-244,2807,3,65,83,6985,85976
447,-232,1074,87,4272,-3784,7690,3,65,83,6985,85981
447,-222,1082,89,8544,-12451,4394,3,65,83,6985,85986
448,-212,1089,91,6347,-23803,18188,4,65,83,6988,85991
449,-207,1101,95,18432,-16479,13916,4,65,83,6988,85996
447,-195,1109,97,17333,-29907,18188,4,65,83,6988,86001
448,-191,1123,97,19775,-32836,14770,4,65,83,6988,86006
448,-179,1125,109,22338,-31860,20385,4,65,83,6988,86011
448,-173,1128,109,22705,-39550,20996,4,65,83,6988,86016
448,-160,1126,115,28442,-43945,21484,4,65,83,6988,86021
447,-156,1125,111,24780,-49682,19531,3,66,82,6989,86026
448,-154,1117,101,27099,-52734,35156,3,66,82,6989,86031
448,-154,1111,115,23925,-47607,22583,3,66,82,6989,86036
447,-160,1107,105,18188,-54565,29541,3,66,82,6989,86041
448,-169,1099,107,20996,-53100,26977,3,66,82,6989,86046
448,-173,1095,107,22338,-55175,25634,3,66,82,6989,86051
449,-173,1087,105,15747,-53344,28198,3,66,82,6989,86056
447,-179,1085,115,18676,-45288,21972,3,65,84,6985,86061
448,-185,1080,111,21484,-41137,34423,3,65,84,6985,86066
448,-183,1076,119,13549,-40405,24780,3,65,84,6985,86071
449,-187,1070,123,19775,-32836,31616,3,65,84,6985,86076
447,-183,1066,128,15991,-28686,23559,3,65,84,6985,86081
449,-183,1062,117,17211,-19897,35644,3,65,84,6985,86086
447,-175,1062,125,19897,-28198,30517,3,65,84,6985,86091
446,-179,1064,115,12573,-26000,26123,3,65,84,6987,86096
448,-185,1050,119,7568,-14038,21728,3,65,84,6987,86101
447,-187,1052,121,12695,-14038,21972,3,65,84,6987,86106
446,-203,1041,119,7080,-9887,17944,3,65,84,6987,86111
447,-197,1041,121,11840,-6225,26611,3,65,84,6987,86116
447,-203,1031,128,5371,-2319,24414,3,65,84,6987,86121
446,-203,1027,144,2563,0,26489,3,65,84,6987,86126
448,-207,1029,144,5126,5004,23803,3,66,84,6987,86131
447,-218,1017,148,366,9277,28686,3,66,84,6987,86136
449,-228,1013,158,3784,3784,24658,3,66,84,6987,86141
447,-228,1001,164,1586,11840,20874,3,66,84,6987,86146
447,-222,994,164,-9155,13549,24047,3,66,84,6987,86151
447,-230,998,169,-2319,8300,21728,3,66,84,6987,86156
447,-216,992,167,-6958,11108,24536,3,66,84,6987,86161
447,-203,990,164,-8422,14404,16113,4,66,83,6989,86166
447,-199,990,162,-14282,9155,24902,4,66,83,6989,86171
449,-187,980,154,-12084,12573,19531,4,66,83,6989,86176
446,-175,970,150,-9765,9887,31250,4,66,83,6989,86181
448,-166,970,146,-14160,18432,23437,4,66,83,6989,86186
448,-160,960,144,-12207,14038,20141,4,66,83,6989,86191
447,-146,955,138,-15136,17578,24536,4,66,83,6989,86196
447,-144,955,123,-20019,17944,25512,4,67,83,6986,86201
447,-150,949,119,-22460,14404,33935,4,67,83,6986,86206
447,-150,935,128,-20629,17333,34790,4,67,83,6986,86211
449,-158,931,119,-20996,17211,31738,4,67,83,6986,86216
447,-166,925,125,-23559,28442,26977,4,67,83,6986,86221
447,-183,912,138,-22094,21118,31005,4,67,83,6986,86226
448,-187,908,142,-21240,27954,31616,2,67,83,6988,86231
447,-193,900,148,-21850,20385,35278,2,67,83,6988,86236
448,-179,900,152,-24658,23315,32592,2,67,83,6988,86241
447,-167,900,156,-22583,23559,34790,2,67,83,6988,86246
448,-152,906,158,-22216,21850,30029,2,67,83,6988,86251
447,-134,914,160,-22460,21850,27832,2,67,83,6988,86256
449,-117,923,158,-24291,22460,40649,2,67,83,6988,86261
447,-101,929,156,-26489,25146,46875,1,67,83,6986,86266
447,-85,931,160,-32104,22338,32958,1,67,83,6986,86271
448,-74,935,150,-32104,19897,34790,1,67,83,6986,86276
448,-66,939,160,-25024,24169,43823,1,67,83,6986,86281
448,-60,945,152,-21728,20507,54687,1,67,83,6986,86286
447,-62,939,142,-25390,19409,46508,1,67,83,6986,86291
447,-72,937,130,-28198,23559,48095,1,67,83,6986,86296
446,-85,941,130,-21728,20629,43701,1,67,83,6986,86301
447,-91,925,126,-26245,20751,50537,1,67,83,6986,86306
448,-107,927,128,-24536,20141,46752,1,67,83,6986,86311
448,-109,921,125,-22705,19287,47851,1,67,83,6986,86316
447,-123,923,125,-25146,20629,50415,1,67,83,6986,86321
447,-126,923,126,-20874,26000,50292,1,67,83,6986,86326
449,-140,925,134,-24414,24658,50048,1,67,83,6986,86331
447,-142,925,130,-15136,20751,48461,1,68,81,6987,86336
448,-154,929,138,-14282,20019,53833,1,68,81,6987,86341
447,-148,933,140,-11352,24536,52734,1,68,81,6987,86346
449,-142,933,140,-17333,18310,50292,1,68,81,6987,86351
447,-144,939,142,-20385,20019,45898,1,68,81,6987,86356
447,-140,945,138,-19531,16113,46997,1,68,81,6987,86361
447,-134,955,134,-8666,15869,44555,1,68,81,6987,86366
447,-126,955,130,-11474,20996,41137,0,70,82,6987,86371
447,-121,964,125,-13427,19531,27832,0,70,82,6987,86376
448,-125,958,113,-11596,17578,40527,0,70,82,6987,86381
447,-125,958,111,-7812,20263,33691,0,70,82,6987,86386
447,-111,957,105,-12329,13549,42236,0,70,82,6987,86391
448,-103,958,105,-1464,22094,38208,0,70,82,6987,86396
448,-93,962,111,1953,18432,33081,0,70,82,6987,86401
448,-85,974,119,-2197,19531,32470,0,70,82,6987,86406
447,-85,980,134,-3417,12817,27465,0,70,82,6987,86411
448,-83,988,136,-1098,4882,29174,0,70,82,6987,86416
447,-82,998,148,-4760,11474,37963,0,70,82,6987,86421
449,-74,1011,138,610,9277,23193,0,70,82,6987,86426
447,-68,1013,138,4394,10742,29418,0,70,82,6987,86431
447,-50,1027,132,1708,8789,25390,0,70,82,6987,86436
446,-42,1029,121,9155,7934,23925,1,70,80,6986,86441
447,-37,1027,101,3051,7812,33081,1,70,80,6986,86446
447,-37,1031,95,9765,9643,34667,1,70,80,6986,86451
447,-27,1039,93,4638,-976,25512,1,70,80,6986,86456
447,-21,1033,89,12939,11718,26489,1,70,80,6986,86461
447,-15,1037,83,14770,10375,18554,1,70,80,6986,86466
449,-17,1046,78,12573,12084,22216,0,70,80,6988,86471
447,-19,1048,82,14282,9399,21362,0,70,80,6988,86476
449,-33,1052,68,18432,12084,23681,0,70,80,6988,86481
447,-46,1056,60,20141,11840,12939,0,70,80,6988,86486
447,-52,1064,64,17333,12084,17089,0,70,80,6988,86491
447,-48,1074,54,20874,5981,18920,0,70,80,6988,86496
447,-46,1074,44,20874,11840,24658,0,70,80,6988,86501
447,-29,1085,41,25024,14892,16845,0,72,80,6987,86506
447,-23,1087,41,24291,10009,16845,0,72,80,6987,86511
448,-17,1093,29,24414,10742,22583,0,72,80,6987,86516
447,-17,1095,25,30883,12573,26123,0,72,80,6987,86521
449,-11,1105,31,25878,7080,17211,0,72,80,6987,86526
447,-3,1115,29,26489,7202,19897,0,72,80,6987,86531
448,-1,1117,35,28808,4272,14770,0,72,80,6987,86536
448,0,1132,35,30273,1098,24047,0,70,79,6987,86541
448,3,1136,29,36254,-7934,21972,0,70,79,6987,86546
447,5,1138,25,37231,-5371,23925,0,70,79,6987,86551
448,27,1142,25,31127,-4028,15380,0,70,79,6987,86556
447,33,1146,27,33935,3540,23071,0,70,79,6987,86561
448,41,1146,31,31494,-11352,20507,0,70,79,6987,86566
448,44,1148,35,41137,-13427,17211,0,70,79,6987,86571
449,50,1150,44,37353,-15258,24291,1,70,79,6987,86576
447,62,1171,56,39916,-16601,16113,1,70,79,6987,86581
447,68,1179,74,39062,-28808,24780,1,70,79,6987,86586
447,85,1185,87,37963,-14770,20629,1,70,79,6987,86591
449,93,1199,89,39428,-21240,21728,1,70,79,6987,86596
446,109,1205,97,40649,-23071,23193,1,70,79,6987,86601
447,125,1218,111,31494,-16723,19531,1,70,79,6987,86606
447,136,1224,134,27709,-24414,26977,0,69,80,6987,86611
448,148,1230,148,27954,-20996,23803,0,69,80,6987,86616
447,150,1232,166,28076,-20141,12817,0,69,80,6987,86621
447,158,1240,173,26000,-17822,27343,0,69,80,6987,86626
447,160,1236,183,30395,-18920,13061,0,69,80,6987,86631
448,158,1236,183,19409,-18188,21728,0,69,80,6987,86636
447,154,1242,179,19653,-14160,21850,0,69,80,6987,86641
449,148,1234,175,13793,-13061,18432,1,70,78,6988,86646
447,146,1232,175,9643,-14038,14648,1,70,78,6988,86651
447,146,1214,166,5126,-6225,11352,1,70,78,6988,86656
447,156,1226,164,5859,-732,11840,1,70,78,6988,86661
447,171,1222,160,-2319,-244,11474,1,70,78,6988,86666
448,169,1208,166,-8422,-3051,19531,1,70,78,6988,86671
447,150,1210,169,-610,7690,5126,1,70,78,6988,86676
447,142,1210,171,-9033,3662,8178,2,68,79,6987,86681
448,132,1240,173,-9887,3906,10986,2,68,79,6987,86686
447,123,1220,173,-8666,13793,12207,2,68,79,6987,86691
448,117,1236,175,-20141,12451,5126,2,68,79,6987,86696
448,103,1216,169,-10009,12084,10742,2,68,79,6987,86701
448,97,1220,156,-20751,10742,-1464,2,68,79,6987,86706
448,93,1205,154,-18066,15869,1464,2,68,79,6987,86711
448,78,1189,150,-23437,14404,1831,2,69,80,6984,86716
449,64,1185,142,-24780,11230,9521,2,69,80,6984,86721
447,52,1152,136,-25024,10986,5126,2,69,80,6984,86726
448,48,1166,119,-27343,9887,366,2,69,80,6984,86731
449,46,1132,119,-32592,4516,-1831,2,69,80,6984,86736
447,48,1130,99,-38818,4760,-8789,2,69,80,6984,86741
448,50,1107,93,-32592,3784,-3051,2,69,80,6987,86746
447,50,1097,91,-28320,21484,-6347,2,69,80,6987,86751
448,56,1091,89,-30761,11718,-7446,2,69,80,6987,86756
448,72,1083,76,-30273,17700,-7080,2,69,80,6987,86761
449,83,1076,72,-35034,20019,-10253,2,69,80,6987,86766
447,85,1076,68,-37841,26000,2563,2,69,80,6987,86771
447,80,1066,72,-37719,21728,-5615,2,69,80,6987,86776
448,76,1060,68,-38085,20507,-7568,1,69,81,6985,86781
447,72,1052,83,-32592,22216,-4882,1,69,81,6985,86786
448,66,1052,87,-34179,23437,2807,1,69,81,6985,86791
448,54,1041,82,-34545,20385,2807,1,69,81,6985,86796
448,54,1041,83,-30639,19287,-10375,1,69,81,6985,86801
448,54,1039,87,-31127,16357,-13549,1,69,81,6985,86806
448,48,1035,80,-27221,22338,-4638,1,69,81,6985,86811
447,48,1029,76,-22827,24169,-10375,2,68,81,6986,86816
449,50,1021,76,-22460,18188,-5737,2,68,81,6986,86821
447,52,1019,66,-26611,16723,-9033,2,68,81,6986,86826
447,50,1021,74,-20263,16357,-3173,2,68,81,6986,86831
447,52,1023,80,-21484,8666,-13671,2,68,81,6986,86836
447,50,1027,85,-17578,17211,1708,2,68,81,6986,86841
447,50,1031,85,-13305,9277,-3173,2,68,81,6986,86846
447,56,1037,93,-11962,5615,-10986,5,67,81,6986,86851
448,64,1041,93,-10742,1098,-4028,5,67,81,6986,86856
447,66,1044,95,-13427,-2075,-1831,5,67,81,6986,86861
449,60,1042,93,-8178,-6469,4150,5,67,81,6986,86866
447,54,1041,93,-5493,-7324,-2441,5,67,81,6986,86871
449,50,1042,97,-5615,-7080,3784,5,67,81,6986,86876
447,50,1037,103,-7080,-6225,5737,5,67,81,6986,86881
447,48,1037,103,-2929,-19897,6591,5,67,82,6986,86886
447,48,1035,111,-10131,-19409,-1464,5,67,82,6986,86891
447,50,1033,115,-3295,-14404,-3173,5,67,82,6986,86896
447,46,1029,107,1464,-16967,3173,5,67,82,6986,86901
448,48,1031,109,-2197,-26000,-10131,5,67,82,6986,86906
447,50,1021,105,-2319,-20629,0,5,67,82,6986,86911
447,56,1021,107,-3540,-11352,-854,5,67,82,6986,86916
447,66,1019,103,2929,-15380,-3540,5,68,83,6986,86921
448,66,1023,105,1586,-5737,6103,5,68,83,6986,86926
448,78,1025,111,3051,-19653,6958,5,68,83,6986,86931
447,74,1031,117,488,-14160,5371,5,68,83,6986,86936
447,62,1029,130,5004,-4638,-3051,5,68,83,6986,86941
448,56,1031,128,-2075,-14160,-1220,5,68,83,6986,86946
447,50,1037,134,3906,-610,3051,5,68,83,6986,86951
449,44,1033,142,1464,-9033,-732,3,68,83,6987,86956
449,41,1035,154,4638,610,366,3,68,83,6987,86961
447,31,1035,156,8178,-3051,-5981,3,68,83,6987,86966
448,-267,-386,347,39916,-7812,-1464,3,68,83,6987,86971
447,-66,4498,-238,12207,-854,-6103,3,68,83,6987,86976
447,175,-937,814,13671,-1098,-3662,3,68,83,6987,86981
447,115,2017,27,-39184,4882,-6591,3,67,84,6987,86986
447,-115,974,226,5493,-6713,2563,3,67,84,6987,86991
449,54,1173,95,-11596,-2075,-6591,3,67,84,6987,86996
446,48,939,144,-12939,-6713,-10375,3,67,84,6987,87001
447,-13,761,142,-13916,1098,-10986,3,67,84,6987,87006
447,44,1091,91,7324,6347,-12084,3,67,84,6987,87011
446,46,1193,154,-1586,6225,-6225,3,67,84,6987,87016
448,13,865,166,-2441,13549,-13793,4,67,85,6986,87021
448,70,1095,160,976,7690,-11840,4,67,85,6986,87026
448,58,1083,134,-9643,8789,-10009,4,67,85,6986,87031
448,33,792,169,2441,10864,-7812,4,67,85,6986,87036
448,19,1138,117,-9033,3173,-9033,4,67,85,6986,87041
447,7,921,154,-6835,15502,-15991,4,67,85,6986,87046
449,46,1060,146,-5249,9521,-17944,4,67,85,6986,87051
447,56,964,154,-2929,14160,-4760,4,66,85,6987,87056
448,56,968,158,-4150,12329,-4150,4,66,85,6987,87061
447,46,1023,138,976,15869,4028,4,66,85,6987,87066
447,42,943,146,-2197,13916,-9887,4,66,85,6987,87071
447,56,1003,140,-854,13916,-4028,4,66,85,6987,87076
448,62,931,146,-4882,9033,-3051,4,66,85,6987,87081
449,64,966,132,-2197,4272,5493,4,66,85,6987,87086
447,46,822,101,610,10620,8422,5,66,85,6988,87091
447,353,669,375,62866,610,14770,5,66,85,6988,87096
447,33,1335,-400,-46386,9033,488,5,66,85,6988,87101
449,-29,2736,205,20874,-3662,3417,5,66,85,6988,87106
448,15,357,220,14038,-7324,14038,5,66,85,6988,87111
448,142,1060,175,-7568,-5126,10375,5,66,85,6988,87116
448,48,1123,150,10009,-2685,13671,5,66,85,6988,87121
447,7,773,128,1953,976,6958,4,66,85,6986,87126
449,-7,1042,95,11596,6469,9643,4,66,85,6986,87131
447,-19,964,109,2929,-4272,5004,4,66,85,6986,87136
447,-13,929,119,6469,2807,3784,4,66,85,6986,87141
447,-1,970,123,8056,-2075,4394,4,66,85,6986,87146
447,-9,886,140,11230,1708,-976,4,66,85,6986,87151
449,-9,933,142,9399,-7568,-2075,4,66,85,6986,87156
447,-23,976,140,13061,-366,3295,3,66,85,6986,87161
447,-5,1087,140,15991,976,-7080,3,66,85,6986,87166
447,-5,1132,115,8666,-6835,-5615,3,66,85,6986,87171
447,-9,1027,130,10253,-8911,-9521,3,66,85,6986,87176
447,27,925,111,15747,-12329,-11962,3,66,85,6986,87181
447,48,900,113,12329,-1098,-122,3,66,85,6986,87186
448,60,919,99,15991,-1953,-8300,3,66,85,6986,87191
448,66,935,93,20385,3051,-12939,4,66,85,6985,87196
449,66,986,91,18188,488,-12084,4,66,85,6985,87201
447,62,1044,91,16479,3051,-2807,4,66,85,6985,87206
448,76,1031,93,19042,2075,-4028,4,66,85,6985,87211
449,78,992,105,25756,7324,-11108,4,66,85,6985,87216
447,87,988,101,26733,8422,-8300,4,66,85,6985,87221
447,82,1001,107,24047,7812,-1098,4,66,85,6985,87226
447,66,1013,99,25634,7568,-2685,3,66,86,6987,87231
447,52,1021,103,27954,11108,-18676,3,66,86,6987,87236
447,48,984,101,32104,12573,-18066,3,66,86,6987,87241
447,41,943,99,32348,15258,-10131,3,66,86,6987,87246
449,44,943,101,31738,10009,-2929,3,66,86,6987,87251
448,41,964,93,36010,14892,-15014,3,66,86,6987,87256
447,48,982,103,40161,15136,-15625,4,65,85,6987,87261
448,50,1013,99,34057,13916,-15747,4,65,85,6987,87266
447,52,1023,93,45532,22338,-15258,4,65,85,6987,87271
448,56,1025,95,38452,14160,-13671,4,65,85,6987,87276
448,271,855,287,60302,9399,1953,4,65,85,6987,87281
448,-68,2037,777,58959,3540,-13183,4,65,85,6987,87286
448,-632,1185,-337,27954,-11840,2563,4,65,85,6987,87291
448,109,1226,-17,-6958,5493,6958,4,67,85,6987,87296
448,83,771,308,15136,6469,-488,4,67,85,6987,87301
447,-29,1332,232,26611,12573,-2075,4,67,85,6987,87306
448,244,1146,316,9765,6225,1708,4,67,85,6987,87311
449,107,1089,-93,-732,6835,-1342,4,67,85,6987,87316
448,58,998,97,3295,26245,-5004,4,67,85,6987,87321
449,39,1085,171,6958,27587,-1953,4,67,85,6987,87326
447,1,1056,-64,-3784,26977,2319,4,66,86,6985,87331
447,3,1013,-85,-3173,40161,2685,4,66,86,6985,87336
447,3,1167,-109,-12695,35400,-3540,4,66,86,6985,87341
447,-64,1064,-193,1342,34301,-5126,4,66,86,6985,87346
447,19,1003,91,-11596,35644,11718,4,66,86,6985,87351
447,-9,1205,-23,-14282,38330,2685,4,66,86,6985,87356
448,-1,1013,-46,-15136,26611,1342,4,66,86,6985,87361
447,-19,1019,25,-9399,26245,3173,5,68,85,6986,87366
449,29,453,105,8666,23071,-976,5,68,85,6986,87371
447,-322,1031,-289,1586,9887,976,5,68,85,6986,87376
448,13,1017,-68,-35278,3173,8666,5,68,85,6986,87381
448,83,1554,132,-20996,4028,-3662,5,68,85,6986,87386
448,-169,1205,158,-1220,-1708,2075,5,68,85,6986,87391
447,-23,1009,103,-2197,-9155,-1586,5,68,85,6986,87396
448,-27,1015,91,7446,-12084,-854,5,68,84,6987,87401
448,-35,964,93,4882,-4516,1098,5,68,84,6987,87406
448,91,1130,21,-854,-7202,366,5,68,84,6987,87411
448,72,1144,54,976,-11962,4394,5,68,84,6987,87416
449,66,1001,27,-366,-8666,-4272,5,68,84,6987,87421
447,50,974,91,-244,-2807,-1220,5,68,84,6987,87426
447,29,998,91,-5737,-7690,610,5,68,84,6987,87431
447,46,1007,93,-488,-2319,-244,6,66,84,6988,87436
448,50,1005,91,4028,4394,-3662,6,66,84,6988,87441
447,11,1021,93,-2075,-122,4150,6,66,84,6988,87446
448,5,1037,91,-488,-1220,-7568,6,66,84,6988,87451
448,3,1058,93,-366,-1342,-3540,6,66,84,6988,87456
448,-13,1005,89,4760,3662,7080,6,66,84,6988,87461
446,5,1035,87,-7080,-732,-1831,6,66,84,6988,87466
448,9,1046,89,1708,1953,-3906,5,66,83,6986,87471
448,21,1041,93,-6225,-9765,-1831,5,66,83,6986,87476
449,17,1029,93,-366,-5004,3906,5,66,83,6986,87481
448,13,1031,87,2075,3784,-2807,5,66,83,6986,87486
448,23,1011,93,-3540,-3540,-1342,5,66,83,6986,87491
448,15,1031,91,976,732,5126,5,66,83,6986,87496
449,11,1027,91,2197,-1098,1831,6,66,84,6986,87501
447,17,1050,89,1098,3417,1220,6,66,84,6986,87506
447,7,1054,87,-1098,3051,244,6,66,84,6986,87511
446,9,1050,87,-5615,-5737,-3906,6,66,84,6986,87516
447,11,1037,89,1586,1831,854,6,66,84,6986,87521
447,17,1037,87,-2319,0,14648,6,66,84,6986,87526
449,15,1031,89,0,-2807,-1342,6,66,84,6986,87531
446,15,1035,87,3662,976,4150,4,67,84,6986,87536
446,19,1035,85,0,-4028,-1342,4,67,84,6986,87541
447,3,1039,89,2929,-3295,-6835,4,67,84,6986,87546
447,19,1056,85,1708,-1342,4272,4,67,84,6986,87551
448,11,1035,87,1708,-2319,5981,4,67,84,6986,87556
447,15,1031,83,5371,2929,6103,4,67,84,6986,87561
449,13,1037,87,-4516,1708,2197,4,67,84,6986,87566
448,11,1037,91,0,3173,-4882,6,66,85,6987,87571
446,13,1037,85,1708,-1831,7568,6,66,85,6987,87576
447,17,1039,87,-366,5981,4638,6,66,85,6987,87581
448,21,1035,91,3662,-2197,3295,6,66,85,6987,87586
447,21,1035,91,5615,0,2075,6,66,85,6987,87591
447,17,1044,89,1586,0,-6347,6,66,85,6987,87596
447,17,1041,93,-488,2075,9643,6,66,85,6987,87601
447,13,1033,93,1586,3417,244,6,67,85,6985,87606
447,13,1031,91,1220,1586,-1098,6,67,85,6985,87611
448,23,1039,91,2075,-2197,3173,6,67,85,6985,87616
448,19,1033,91,0,-2929,-488,6,67,85,6985,87621
449,15,1039,91,5249,-1831,-6713,6,67,85,6985,87626
447,17,1039,89,732,3051,-854,6,67,85,6985,87631
448,11,1033,91,1220,1953,1220,6,67,85,6985,87636
447,11,1039,91,2563,-1342,0,7,66,85,6983,87641
447,19,1042,91,-3662,-2441,-2441,7,66,85,6983,87646
449,5,1039,91,1831,-2319,-244,7,66,85,6983,87651
447,11,1031,91,8178,8056,-7446,7,66,85,6983,87656
448,19,1029,91,1831,976,-7934,7,66,85,6983,87661
447,15,1039,91,-3662,-5493,-5371,7,66,85,6983,87666
448,23,1033,87,-1831,1953,3417,7,66,85,6983,87671
448,11,1035,85,6347,2563,-4028,7,65,85,6986,87676
448,9,1039,87,0,-854,2319,7,65,85,6986,87681
448,11,1035,89,-2563,2075,7202,7,65,85,6986,87686
449,13,1041,83,854,-2319,-9399,7,65,85,6986,87691
447,17,1041,85,-610,-5004,3051,7,65,85,6986,87696
447,15,1033,89,6103,-2197,1220,7,65,85,6986,87701
449,17,1033,91,2929,-2807,1586,7,65,85,6986,87706
446,15,1033,87,1098,-610,5004,6,66,84,6985,87711
447,19,1033,85,1586,-2075,-2319,6,66,84,6985,87716
447,9,1037,83,6835,-1220,6103,6,66,84,6985,87721
448,19,1035,89,-366,4150,-4516,6,66,84,6985,87726
447,13,1031,89,5371,9887,-3540,6,66,84,6985,87731
447,17,1035,93,-2197,-5371,-3417,6,66,84,6985,87736
447,15,1037,91,-4150,1953,3051,5,66,85,6987,87741
449,13,1033,89,-1953,2319,-1831,5,66,85,6987,87746
447,19,1037,89,732,-1220,122,5,66,85,6987,87751
447,17,1031,91,4028,-1708,4882,5,66,85,6987,87756
447,11,1037,91,3295,2441,-2563,5,66,85,6987,87761
447,15,1041,89,-1831,1953,-2197,5,66,85,6987,87766
447,17,1035,91,1586,732,4028,5,66,85,6987,87771
447,17,1033,89,-854,-122,-1708,6,67,84,6987,87776
447,13,1039,91,244,-2075,7812,6,67,84,6987,87781
447,9,1035,91,3784,-1342,-1586,6,67,84,6987,87786
449,19,1027,91,-6103,3906,1586,6,67,84,6987,87791
447,13,1035,89,4272,4150,8178,6,67,84,6987,87796
447,11,1033,85,-1464,3906,-6225,6,67,84,6987,87801
447,21,1029,89,4150,4028,3417,6,67,84,6987,87806
448,15,1033,89,-2685,-610,854,6,66,84,6986,87811
447,7,1031,89,2075,2807,4760,6,66,84,6986,87816
448,11,1033,87,976,3662,854,6,66,84,6986,87821
447,7,1039,87,-1831,2685,-732,6,66,84,6986,87826
449,17,1033,91,-1953,-610,2441,6,66,84,6986,87831
447,15,1035,89,-2929,-2929,-4882,6,66,84,6986,87836
447,17,1033,89,2929,-1708,3906,6,66,84,6986,87841
447,15,1031,93,244,-4394,6835,7,66,85,6985,87846
448,21,1031,87,-244,-2441,-2929,7,66,85,6985,87851
447,15,1027,87,-854,-4150,-2685,7,66,85,6985,87856
448,19,1033,91,1220,0,-1098,7,66,85,6985,87861
